Pager usage is off.
scan_date|ticker|max_gap|prev_close|rel_vol|proj_vol|pm_rvol|adv|prev_vol|today_vol|best_rank|mcap_m
2026-06-08|ARTV|31.53|6.85|0.03|||468618.675157|||3|333
2026-06-08|OCC|82.93|12.3|18.81|406.6||352195.743205|||1|109
2026-06-08|RELL|11.75|16.2|0.01|||281631.831658|||6|236
2026-06-08|SRI|12.83|7.09|0|0.3||205942.750684|||1|200
2026-06-09|ADUR|21.53|14.4|0.41|6.4|7.604|540291.873951|||4|486
2026-06-09|AMPG|15.22|6.57|0.28|5.5|5.136|6223117.9797115|||6|166
2026-06-09|ARQQ|11.62|12.82|0.11||2.661|585721.9692205|||9|223
2026-06-09|DTIL|12.41|6.77|0|||275187.2611515|||5|175
2026-06-09|PANL|10.65|7.23|0|||617704.919845|||8|473
2026-06-10|SUJA|14.53|15.55|0.02||16.233|296906.803514|||1|370
2026-06-11|KZIA|10.43|11.5|0.01|||213538.52807549998|||4|131
2026-06-11|PRTA|25.28|7.91|0|||592772.7218395|||1|414
2026-06-12|ASYS|13.78|22.6|0.13||16.632|378505.595144|||2|395
2026-06-12|EIKN|17.37|8.52|0|||376282.0672175|||2|461
2026-06-12|TENX|11.37|10.73|0.16|2.5|2.488|801942.772291|||5|318
2026-06-15|ARQQ|23.13|13.6|0.45|7|2.074|627299.5592685|||2|304
2026-06-15|LIXT|12.6|6.19|0|||174830.4049745|||5|108
2026-06-15|QMCO|15.79|13.74|0.3|5.8|1.56|1223769.690042|||10|223
2026-06-16|LIXT|18.9|6.72|0|||186632.079696|||2|117
2026-06-16|OSS|14.19|17.23|0.19|3|1.631|1705480.542436|||4|483
2026-06-16|SHMD|13|6.23|0.7|11.4|18.698|1247117.273665|||4|360
2026-06-17|CLPT|42.28|13.34|5.39|112.8|207.728|606820.9845085|||2|400
2026-06-17|PDYN|10.13|5.97|0.14||8.021|2020638.2751495|||6|282
2026-06-17|TRT|12.23|12.59|0.24|3.7|3.685|1013471.452727|||9|127
2026-06-17|WNC|16.92|9.28|0.13|2|1.886|809711.8105240001|||8|449
2026-06-18|BIRD|18.76|5.48|7.77|202||473388.95782899996|||3|48
2026-06-18|CODA|11.69|9.24|0.73|11.4||115733.108981|||7|114
2026-06-18|TBCH|10.1|12.48|0.13|2||378327.51627150003|||12|269
2026-06-22|RGNX|14.88|7.8|1.25|27.3|733.792|1741897.063484|||6|403
2026-06-22|SSTK|28.59|13.22|0.83|12.9|74.052|413895.59276200004|||2|486
2026-06-23|ALLT|10.41|7.01|0.04|||430582.04973900004|||1|343
2026-06-23|ARQQ|14.75|21.42|0.3|4.7|1.183|826592.387721|||2|452
2026-06-23|BLZE|33.62|8.12|6.65|104.9|441.426|1416584.9030485|||1|487
2026-06-23|NUCL|12.15|10.7|0.25|4.9||328444.19139349996|||4|349
2026-06-24|JACK|20.03|11.58|0.35|5.5|20.633|774783.2063015|||5|221
2026-06-25|BNED|15.38|11.18|0.27|4.2||273493.140301|||11|383
2026-06-25|ECOR|16.91|7.57|0.01|||135988.0267275|||4|63
2026-06-25|MEI|25.57|13.09|0.28|4.4|4.791|657739.4075219999|||3|464
2026-06-25|WYY|87.29|17.62|22.28|493.2||163397.09086499998|||1|174
2026-06-26|XNET|10.54|5.03|0.33|5.1||402274.900505|||5|351
2026-06-29|UNCY|10.66|7.13|0.12||30.616|1076519.7665875|||9|195
2026-06-30|DPRO|11.09|5.14|0.56|9.2|2.058|1722771.8089545001|||6|213
2026-06-30|JACK|14.1|16.6|0.24||102.061|774783.2063015|||4|317
2026-06-30|SILC|19.94|41.93|0.74|11.5|10.395|162032.035615|||4|277
2026-07-01|RAAQ|13.29|10.8|0.74|17.2||496208.5293755|||2|248
2026-07-02|ARCT|14.3|6.89|1.04|16.2||404855.277532|||2|229
2026-07-02|SILC|16.26|44.18|0.4|7.8|18.063|174795.548541|||1|254
2026-07-02|TENX|15.5|13.29|0.54|8.4|69.412|909995.8925595|||1|353
2026-07-06|AGPU|11.58|7.08|0.15|2.9||266695.165772|||5|84
2026-07-06|OFIX|10.31|9.94|0.28|4.4||461015.8333735|||13|469
2026-07-08|CV|10.05|5.67|0|0||150851.245267|||3|292
2026-07-09|AP|18.55|7.17|0.97|16.4||181561.57163050002|||2|146
2026-07-09|FBRX|22.3|20.58|1.15|22.4|40.984|354735.91428599996|||1|421
2026-07-13|QTTB|84.39|11.21|22.88|458.6|870.855|468831.9050405|||1|190
2026-07-14|SNWV|13.23|11.26|0.05|1.3||142495.428398|||5|97
2026-07-15|ELVA|71.88|7.89|32.36|584.2|606.213|342905.39971649996|||1|391
2026-07-15|TRT|23|10.26|0.83|12.9|4.543|590537.604551|||3|104
2026-07-16|EAF|15.04|6.85|0.33|5.1||275631.419137|||5|196
2026-07-16|HELP|13.52|6.51|0.19||8.008|989102.9492355|||3|404
2026-07-16|OWLT|11.03|6.13|0.01|||232839.3086665|||4|178
2026-07-16|PESI|10.11|14.83|0.12|3.1||406161.0813235|||7|330
2026-07-20|DUOT|13.29|8.21|0.02||1.359|651080.485287|||4|258
2026-07-20|NUCL|11.41|5.61|0|||331053.7858735|||5|166
2026-07-21|AGPU|10.22|8.71|0.59|9.2||210908.7113435|||7|105
2026-07-21|FWRD|19.75|13.2|0.39|6.1|9.12|1080630.833956|||2|417
2026-07-22|AGPU|20.97|9.54|3.09|||230518.3644415|||2|109
2026-07-22|RFIL|19.38|13.72|0||0.567|335328.5005225|||1|149
2026-07-23|AGPU|11.11|7.11|0.36|||262595.6349955|||6|109
2026-07-23|NVEC|41.52|86.68|0.24|3.7|14.473|281876.3785355|||1|419
2026-07-23|RELL|18.62|18.01|0.72|13.1||151592.2234265|||2|262
2026-07-24|AVBC|10.57|20.24|0.22|3.4||65700.69226899999|||8|416
2026-07-27|AGPU|23.21|6.85|3.92|101.9||284743.6428755|||3|78
2026-07-27|BNAI|12.01|11.16|0.33|5.1|1.145|239460.031685|||9|85
2026-07-27|IMMR|11.5|6.52|0.31|4.8||647303.712182|||8|238
2026-07-27|JACK|12.71|14.55|0.24|3.7|1.359|915999.8277255|||6|312
2026-07-27|KZIA|10.2|12.26|0.04|1||190917.3077|||7|140
2026-07-28|PMN|27.43|11.72|3.59|93.3||96947.1720755|||3|105
2026-07-29|ALMU|15.29|14.19|0.1||11.057|645263.365035|||3|260
2026-07-29|CLW|14.82|17.51|0.31|4.8||173722.79132199998|||7|316
2026-07-29|QUAD|12.25|8.41|0.27|5.3||161657.810392|||11|487
2026-07-29|RCKY|17.83|42.73|1.15|17.9||50761.47811|||2|322
2026-07-29|RNAC|11.11|7.65|0|0.3||173989.62062|||11|222
2026-07-29|SILC|20.59|38.02|0.07|1.8|5.104|183662.660147|||2|219
2026-07-30|CMCO|36.94|14.62|0.53|8.4|18.692|606664.9207595|||2|422
2026-07-30|QMCO|11.96|10.45|0.02||2.486|1027537.8921425|||11|411
2026-07-30|SMTI|11.6|30.25|0.6|||69507.576895|||18|277
2026-07-31|AIBZ|10.93|6.68|0.02|||757525.877237|||12|360
2026-07-31|AMCX|11.95|9.71|0.15|2.3||503482.062568|||14|477
2026-07-31|DUOT|14.25|8.14|0.22|4.3|1.403|756830.254428|||9|256
2026-08-03|INTT|10.53|12.35|0.28|4.4|1.209|187943.686196|||8|171
2026-08-04|INFU|11.39|9.22|0.02|||157013.843152|||19|206
2026-08-04|MRAM|18.96|15.45|0.28|5.5|7.165|1262295.610898|||4|362
2026-08-04|OCC|14.98|14.35|0.14||2.263|265556.026051|||11|127
2026-08-05|AMWL|22.55|10.42|0.23|3.6||132521.8074105|||9|200
2026-08-05|GTE|64.34|6.83|33.48|602.9||292692.99196849996|||1|242
2026-08-06|ASPN|30.14|5.01|0.37||122.408|1155508.432448|||2|415
2026-08-06|ATNI|19.2|24.01|0.13|2||72561.1210865|||9|440
2026-08-06|DCTH|15.6|12.63|0.03||2.717|389713.8416275|||9|436
2026-08-06|EOLS|10.19|6.18|0.02||5.971|681360.763364|||12|407
2026-08-06|OPRT|16.34|6.06|0.35|5.5||472791.3300915|||17|324
2026-08-07|FNKO|30.3|5.28|0.52|8.1||987718.907691|||6|295
2026-08-07|FRD|29.9|37.72|0.29|4.5||88291.913787|||5|272
2026-08-07|SENS|18.35|5.15|0.26|4.1||558912.7034285|||14|328
2026-08-07|SPT|24.66|8.19|0.32|5|7.134|1029161.6252325|||10|492
2026-08-10|BWMN|55.93|27.23|2.46|38.4||146630.3014815|||1|477
2026-08-10|RNA|13.45|12.34|0|||182336.97995900002|||7|211
2026-08-11|FENC|12.7|10.94|0.57|8.9||165183.19372450002|||9|416
2026-08-11|FF|30.43|5.16|3.19|49.8||314711.90348750004|||3|226
2026-08-11|QMCO|38.12|11.78|1.43|22.3|8.791|983636.6293635|||2|464
2026-08-12|AII|21.3|20.19|0.44|6.9||92446.96932850001|||2|396
2026-08-12|LENZ|24.18|5.21|0.4|6.2|4.658|1098094.7769005|||1|163
2026-08-12|PESI|17.19|17.45|0.72|11.2||396756.7795165|||6|443
2026-08-12|VELO|24.76|13.69|0.52|10.1|7.207|1838563.5502585|||1|408
2026-08-13|AIRO|31.92|8.49|2.74|42.7|14.417|363870.6605485|||2|267
2026-08-13|AZ|13.68|6.47|0.9|14||210638.190966|||12|336
2026-08-13|DERM|13.62|6.43|0.13|||192120.6648075|||7|177
2026-08-13|FOSL|12.33|5.27|0.01|||846083.3511775001|||8|311
2026-08-13|JACK|17.06|18.77|0.42|6.6|20.601|873273.8885069999|||4|358
2026-08-13|RRGB|22.02|8.16|1.27|19.8||198221.7927275|||6|167
2026-08-14|CPS|10.91|27.23|0.02|||196418.177508|||12|484
2026-08-14|IMXI|24.79|11.7|4.49|78.8|419.61|376477.7056965|||5|353
2026-08-17|CNXU|15.55|8.9|0.37|5.8||159717.0348365|||4|270
2026-08-17|DUOT|18.66|9.11|0.77|12|8.598|756830.254428|||4|286
2026-08-18|DUOT|21.3|10.28|1.84|28.7|17.984|756830.254428|||3|323
2026-08-18|FLXS|11.49|70.86|0.7|10.9||49732.634201|||7|334
2026-08-19|ARCT|41.78|8.21|4.81|77.5||487326.72973150003|||3|233
2026-08-19|OPHC|19.64|10.03|0|||201218.802159|||2|127
2026-08-20|HVT|9.66|28.27|0|||112251.68483099999|||6|441
2026-08-20|OPHC|9.01|10.1|0|||201218.802159|||7|127
2026-08-21|BKKT|10.13|7.5|0.61|9.5|4.105|1137212.605132|||3|376
2026-08-21|GLSI|10.58|15.31|0.01|||156478.9008365|||2|225
2026-08-21|PAL|16.89|5.21|0|||360455.8676735|||2|146
2026-08-24|BBCQ|9.68|9.71|0.86||95.759|219771.2533625|||4|372
2026-08-24|CAPR|10.33|6.29|0.06||2.29|7703041.160356499|||4|466
2026-08-24|SUPX|15.96|8.52|0.8|15.6|17.961|216656.9541835|||3|368
2026-08-25|CAPR|17.21|6.8|0.54|8.4|2.722|8235045.148197|||4|491
2026-08-25|DTIL|9.59|8.45|0|||301632.246819|||4|233
2026-08-27|AVNW|11.53|20.91|0.25|3.9||138212.5194055|||5|271
2026-08-27|FWDI|11.47|5.93|0.39|6.1||1174367.1054445|||9|500
2026-08-27|LTRX|16.04|5.66|0.97|15.1|10.424|731027.003155|||2|252
2026-08-28|ANIK|34.36|20.84|0.06|1.6||124933.30668750001|||1|283
2026-08-31|BETR|9.89|13.85|0.05||6.872|801111.4336989999|531642|40236|3|263
2026-08-31|CNXU|9.02|7.07|0|||209902.7429515|176907|976|2|189
2026-08-31|TITN|13.94|17.86|0.44|10.4||211548.996308|352960|92744|2|474
2026-09-01|PRLD|12.32|5.6|0|||475993.640701|737667|150|3|447
2026-09-02|CABO|11.69|23.87|0.07|1.2|1.516|298413.5262945|326211|21716|6|151
2026-09-02|DTIL|11.39|7.64|0|||280571.963031|170933|809|4|211
2026-09-02|EPRX|11.17|6.34|0.26|5.1||374935.74199999997|151655|96673|8|456
2026-09-02|FBLA|21.87|15.59|0.01|||80524.1617|123270|1124|1|226
2026-09-02|JLHL|33.99|5.62|52.9|1300||176315.17981200002|98838|9327606|1|121
2026-09-03|CHPT|49.81|5.19|21.2|392.1||395317.2473405|1631139|8379615|1|134
2026-09-03|GMTL|9.7|10.72|0.09|1.8||199664.41421750002|236253|17859|8|467
2026-09-04|BBCP|20.28|9.05|1.25|26.5||167655.01027700002|388204|209380|2|456
2026-09-04|PDEX|23.47|61.75|0.39|6.1||81478.8532315|64741|32018|2|197
(154 rows)
