AA|2138|10.8||3352120.5|42.85
AADX|1349|43.7||1707604.5|12.64
AAL|702|70.7||66743833.5|13.87
AAOI|1498|37.5||5858629|101.4
AAON|1352|43.6||1096235.5|89.1
AAP|2099|12.4||1643754|41.73
AAPL|345|85.6||36500220|341.07
AB|1356|43.4||294072|35.76
ABBV|321|86.6||3728786|264.34
ABCB|1380|42.4||371198.5|82.29
ABG|2104|12.2||190493.5|185.15
ABNB|1064|55.6||4547905.5|157.47
ABVX|2358|1.6||1065243.5|91.06
ACAD|2171|9.4||1378526.5|20.68
ACHR|846|64.7||22554745.5|5.61
ACHV|760|68.3||1426480|7.54
ACI|1610|32.8||7140095|11.67
ACLS|1179|50.8||327844|123.11
ACM|2082|13.1||1460095|60.89
ADBE|1555|35.1||4819953|235.47
ADC|1960|18.2||1374188.5|67.48
ADEA|1208|49.6||775575|25.48
ADI|424|82.3||3000371.5|393.6
ADIG|1383|42.3||669392|19.55
ADMA|444|81.5||2292884|9.38
ADNT|2205|8||847740|17.63
ADSK|1350|43.7||1991767.5|209.4
ADT|2066|13.8||6760963|6.4
ADTN|1790|25.3||1531466.5|7.13
AEG|942|60.7||4214767|8.89
AEIS|1351|43.7||491238|279.68
AEO|1170|51.2||5329818|16.58
AER|523|78.2||1100259|149.21
AEVA|1282|46.5||1432555|15.35
AFL|1359|43.3||1885521|113.72
AFRM|556|76.8||4082046.5|71.52
AGIO|868|63.8||780834.5|32.58
AGL|2006|16.3||182761|80.73
AGM|829|65.4||101310.5|214.01
AGNC|1884|21.4||27689775|9.62
AGO|2039|14.9||436889.5|69.49
AGYS|1083|54.8||211099|99.64
AHCO|2353|1.8||2582085|5.64
AHR|1361|43.2||2625535.5|52.02
AIG|1222|49||3572177.5|74.17
AIN|1469|38.7||234675.5|60.98
AIP|1476|38.4||674041.5|23.89
AIR|1572|34.4||332730.5|116.11
AIT|585|75.6||234817|333.39
AIZ|1404|41.4||303213.5|265
AKAM|954|60.2||3359539.5|113.94
AKR|1821|24||1053722.5|19.24
ALB|2145|10.5||2169927.5|109.73
ALC|1692|29.4||1407244.5|64.47
ALG|1397|41.7||161321|159.45
ALGM|1634|31.8||2201448.5|36.76
ALGN|1912|20.2||815427.5|146.78
ALGT|1234|48.5||491458.5|79.09
ALH|1713|28.5||921573|21.86
ALHC|2384|0.5||5870936|8.21
ALKS|1862|22.3||1427931|40.85
ALLE|525|78.1||1004509.5|154.47
ALLY|2001|16.5||3316755|38.79
ALM|2040|14.9||6052310|13.72
ALMS|2387|0.4||3461219|7.1
ALNY|1536|35.9||1343766|255.96
ALRM|738|69.2||384381|53.38
ALSN|1757|26.7||669575|113.86
ALV|1344|43.9||559842.5|117.52
AMBQ|791|67||390528.5|69.79
AMCR|1114|53.5||3194668|42.51
AME|329|86.3||1330537.5|250.74
AMGN|575|76||2352602|414.61
AMKR|1330|44.5||3641448.5|53.61
AMLX|717|70.1||1587557|29.49
AMPX|1158|51.7||4287996.5|9.75
AMRC|1802|24.8||615649.5|21.48
AMRZ|2300|4||3696107.5|38.22
AMSC|1217|49.2||675371|30.01
AMT|1165|51.4||2310536|169.03
AMTM|1848|22.9||1479666|19.19
AMX|1828|23.7||2126527|22.03
AMZN|949|60.4||32712633|249.67
AN|2293|4.3||456141|166.98
ANAB|1963|18.1||429285|51
ANDG|475|80.2||352236.5|52.96
ANIP|978|59.2||350781|74
ANRO|1440|39.9||418060|26.49
AON|2272|5.2||2054702|277.99
AORT|1869|22||570861|22.63
AOS|1011|57.8||1315920|58.65
AOSL|1246|48||506003|27.93
APD|1519|36.6||942214.5|281.76
APG|1307|45.5||2878664|38.46
APP|1927|19.6||3971939|310.75
APTV|2111|11.9||3823123|44.79
AQN|2233|6.8||3464860.5|5
ARE|1127|53||1649596.5|49.93
ARGX|858|64.2||229814.5|959.49
ARI|2116|11.7||2025425|6.24
ARLO|1457|39.2||1234247|12.84
ARMK|952|60.3||2163453.5|54.92
AROC|2044|14.7||1777758.5|30.43
ARR|2209|7.8||3456990.5|14.1
ARWR|2308|3.7||1581554|65.92
AS|2035|15.1||7555711|27.77
ASB|1229|48.7||1782757.5|29.37
ASBH|2396|0|||18.3
ASH|718|70.1||663453.5|69.06
ASND|2142|10.6||594843.5|225.6
ASR|1831|23.6||56730.5|243.21
ASTH|1591|33.6||309506|36.37
ASTS|1059|55.8||8291898|61.81
ATAT|1328|44.6||712502.5|32.23
ATEX|1191|50.3||263521|81.42
ATHM|557|76.8||470343|21.33
ATMU|1948|18.7||550977|44.71
ATR|999|58.3||394249.5|123.87
AUB|1364|43.1||1133473|38.78
AUR|1400|41.6||27274214|6.04
AVA|2003|16.4||628790|35.11
AVAH|573|76.1||2849232.5|12.41
AVBP|1586|33.8||445134|28.45
AVGO|1412|41.1||22605333.5|352.81
AVNT|580|75.8||657250.5|41.28
AVO|338|85.9||795511|13.14
AVTX|2188|8.7||861133|15.47
AVY|647|73||756419.5|170.34
AWI|1090|54.5||320165|162.81
AWK|1285|46.4||1926257.5|130.91
AWR|1230|48.7||208725|82.8
AX|1666|30.5||268852.5|88.52
AXGN|1141|52.4||951364|43.39
AXON|1870|22||860026|430.11
AXP|1390|42||2474808.5|308.89
AXS|1881|21.5||574859|94.45
AXSM|1994|16.8||568486|195.09
AXTA|1088|54.6||1693840|32.89
AYI|944|60.6||238283|319.42
AZN|932|61.1||2938591|166.58
AZO|1458|39.2||334513.5|2872.16
AZZ|1167|51.3||218093|137.17
BA|1676|30.1||4898503|198.07
BABA|1395|41.8||8325958.5|109.74
BAC|1565|34.7||34084664.5|56.7
BALL|1778|25.8||1894790|56.83
BAM|1855|22.6||2307838.5|44.59
BANC|1694|29.3||2331254.5|17.94
BAND|381|84.1||935956.5|61.81
BANF|1301|45.7||112675.5|108.71
BANR|865|63.9||265168.5|69.03
BAP|460|80.8||280292.5|386.16
BBIO|2146|10.5||2078244.5|65.57
BBW|2315|3.4||675148|25.77
BBWI|2197|8.3||6295682|16.45
BC|2166|9.6||785353.5|67.19
BCAX|2298|4.1||520778.5|19.21
BCC|678|71.7||234083|77.14
BCE|1913|20.2||3490636.5|20.97
BCH|482|79.9||275494.5|42.04
BCO|1198|50||363987|106.82
BCPC|729|69.6||155720|167.89
BCRX|1804|24.7||3625031|8.59
BEAM|2090|12.8||1577524.5|24.27
BEKE|1391|42||4950044.5|16.33
BELFA|1512|36.9||76667.5|203.1
BELFB|968|59.6||142866|252.69
BEP|2169|9.5||961047.5|28.35
BEPC|2207|7.9||1642924.5|28.47
BFAM|1701|29||865706|65.86
BFC|754|68.6||66680.5|152.13
BH|1433|40.2||110373|344.81
BHC|1189|50.4||1883524|5.69
BHF|1578|34.2||828636|53.24
BIDU|2288|4.5||2324001.5|87.33
BILI|1611|32.8||3013691.5|14.895
BIP|1931|19.4||715233|34.76
BIPC|2002|16.5||1062673|34.96
BIRK|1670|30.3||2188048|33.6
BJ|518|78.4||1605865|93.79
BKD|2030|15.3||3687887.5|11.11
BKE|1203|49.8||451946|42.27
BKH|1378|42.5||906874|70.46
BKHA|532|77.8|||12.27
BKNG|1863|22.3||7185549|163.95
BKR|1682|29.8||7936757.5|57.83
BKU|1553|35.2||792771|43.64
BKV|2289|4.5||1134356|21.81
BL|1807|24.6||825989.5|27.99
BLBD|2135|10.9||489224|58.12
BLK|863|64||506981.5|1086.31
BLKB|590|75.4||363473|43.19
BLTE|1066|55.6||147560|167.33
BMA|2202|8.1||245103|68.86
BMI|781|67.4||313525|129.48
BMRN|1177|50.9||1819618.5|60.26
BMY|1035|56.8||7599675.5|62.86
BN|2073|13.5||4375104|36.87
BOH|1893|21||277458.5|71.65
BOKF|1232|48.6||228865.5|131.77
BOOT|2317|3.3||537577.5|123.3
BPOP|1332|44.4||493468.5|160.48
BPRE|961|59.9||830355.5|12.35
BRBR|2318|3.3||2606867|7.91
BRC|1714|28.5||233911|84.02
BROS|2360|1.5||4121588.5|37.89
BRSL|1943|18.9||1733378.5|9.96
BRUN|2049|14.5||1960624.5|16.77
BRX|1630|32||2849738.5|28.07
BRZE|1551|35.3||2050179.5|24.37
BSBR|648|73||3149247|5.76
BSP|2121|11.5||1717582.5|33.25
BSX|1809|24.5||18848576|43.92
BSY|1421|40.7||2426863|31.44
BTG|314|86.9||21792418.5|5.48
BTI|1323|44.8||3778646.5|55.63
BTSG|1879|21.6||2089475.5|56.59
BUD|1261|47.4||2036271|78
BURL|1967|17.9||1860633.5|254.69
BW|2341|2.3||4020216|6.27
BWA|1754|26.8||1663884|61.32
BWXT|2305|3.8||971150.5|138.47
BXDC|1838|23.3||1203487.5|19.08
BXMT|2312|3.5||2040238.5|12.5
BYD|2075|13.4||924225|71.23
BZ|1900|20.7||6247360|14.11
BZH|372|0||565020.5|33.37
CACC|1448|39.6||114762.5|555.68
CADL|945|60.6||958630|11.02
CAE|547|77.2||870489.5|24.86
CAH|1442|39.9||1503926.5|220.22
CALM|2181|9||823652|67.43
CALX|1915|20.1||1000151.5|33.14
CALY|2046|14.6||1625217.5|14.44
CAPR|2265|5.5||2901185.5|8.36
CAR|2375|0.9||357879|108.29
CARG|1289|46.2||979586|31.3
CARR|1898|20.8||5856562|56.37
CART|1510|37||3038646.5|43.19
CASH|2123|11.4||220802|73.8
CASY|2363|1.4||602684|598.46
CAT|1071|55.3||2095010.5|821.58
CATL|2397|0|||9.8
CAVA|2320|3.2||3169748|51.58
CBL|1278|46.7||209467.5|51.91
CBOE|2217|7.5||879361.5|258.03
CBT|1505|37.2||347316.5|78.76
CBU|1373|42.7||250549|61.57
CC|2027|15.4||1791769.5|14.46
CCC|640|73.3||10993814|6.9
CCI|2133|11||3075845.5|67.84
CCK|1265|47.2||779995|108.06
CCL|1901|20.7||19491343.5|22.25
CCOI|2382|0.6||1802212.5|7.69
CCXI|1266|47.2||1721742|12.43
CDNL|2380|0.7||541276.5|28.02
CDNS|777|67.6||2480862|326.13
CDRE|2157|10||402545.5|26.39
CDW|1138|52.5||1560344.5|135.43
CECO|1093|54.4||665660|73.5
CELC|2190|8.6||778360|79.52
CELH|1495|37.6||6822800.5|27.99
CENX|2346|2.1||1355061|38.39
CEVA|624|74||584286|36.2
CFR|853|64.4||486615|157.42
CG|2170|9.5||3010851|40.03
CGNX|1642|31.5||1430893|58.66
CGON|1500|37.4||777738.5|67.15
CHA|516|78.5||974381|11.41
CHD|937|60.9||1848270.5|96.38
CHDN|1781|25.7||972534.5|79.77
CHE|539|77.5||132392|512.16
CHEF|368|84.7||619113|110.27
CHH|1148|52.1||534613|101.81
CHPT|671|72||1463227.5|8.93
CHRW|1639|31.6||1266414.5|147.1
CHT|350|85.4||238466|46.15
CHWY|2231|6.9||10155760.5|18.27
CI|1347|43.8||1307784|272.01
CIB|514|78.6||335115|95.15
CIEN|1247|48||2301252|356.91
CIGI|1769|26.2||258027|90.42
CIM|2238|6.6||1007724|10.34
CINF|1573|34.4||506099|162.54
CL|1256|47.6||4774267.5|86.06
CLBK|508|78.8||3316907.5|11.33
CLBT|2050|14.5||2383225.5|10.79
CLH|548|77.2||373323.5|313.04
CLX|2070|13.6||2710358.5|83.8
CMBT|412|82.8||1026523|19.01
CMC|1625|32.2||924586|65.73
CMCSA|2013|16||24055805|21.91
CME|1337|44.2||1660602|264.48
CMG|1825|23.9||11525740.5|31.33
CMI|2076|13.4||1095450.5|525.06
CMPR|2191|8.6||147447.5|79.79
CMPS|410|82.9||2269150.5|13.06
CNA|1471|38.6||503989.5|45.98
CNC|1354|43.5||4299850|61.82
CNI|956|60.1||1014851.5|120.93
CNM|1325|44.7||2823038|42.64
CNOB|1060|55.8||340223|31.06
CNS|1524|36.4||261172.5|74.2
COAG|1882|21.5||404682.5|34.74
COCO|1302|45.7||1147739.5|58.59
COF|1357|43.4||3025914|200.2
COGT|1819|24.1||1743385|32.31
COLB|1192|50.3||2615467|29.64
COLD|537|77.6||2983743|14.74
COLL|2061|14||858252.5|22.53
COLM|1205|49.7||578150|57.6
COMP|1864|22.2||13759239.5|9.38
COO|2291|4.4||4154348|55.38
COR|1100|54.1||1056475.5|306.92
COST|979|59.2||2080943.5|922.765
COUR|1910|20.3||4726448.5|5.05
CP|1335|44.3||1723104.5|86.91
CPA|832|65.3||264347.5|133.72
CPB|1924|19.7||6701792|19.37
CPK|1069|55.4||167539.5|128.77
CPNG|2020|15.7||13411317.5|13.88
CPRI|908|62.1||4967256|15.1
CPRT|2078|13.3||8305823.5|27.59
CR|690|71.2||349791|206.83
CRAI|1080|55||109960.5|162.07
CRDO|559|76.7||8347286.5|210.97
CRH|2139|10.8||4497604.5|85.04
CRI|2058|14.1||1481252.5|31.31
CRS|2269|5.3||647552|396.84
CRUS|1321|44.9||834245|119.92
CRVS|2152|10.2||948285|11.62
CSGP|1742|27.3||5826889|28.09
CSIQ|2356|1.7||1851627|10.8
CSL|1481|38.2||517888.5|326.37
CSQR|1793|25.2||1109298|17.01
CSR|971|59.5||185539|55.29
CSTM|2136|10.9||1361000|24.89
CSW|814|66.1||128996|296.8
CSX|1486|38||9453570.5|46.78
CTAS|579|75.9||1711498.5|199.91
CTRI|1764|26.4||1466344|20.51
CTS|715|70.2||168303|59.6
CUBE|1527|36.3||2594828|37.82
CUBI|1036|56.8||257015|77.06
CURB|1299|45.8||1280018.5|28.46
CUZ|985|58.9||1304342|28.65
CVNA|1566|34.7||5975107|65.06
CVS|1914|20.2||6113855.5|89.13
CW|2047|14.6||347332.5|539.73
CWEN|1885|21.4||1096010|29.77
CWK|1805|24.7||1633109|12.16
CWST|1946|18.8||435701|82.24
CWT|1529|36.2||387261.5|46.17
CX|2274|5.1||4428440|9.71
CXM|2021|15.7||3380495.5|5.07
CXT|1096|54.3||527330|47.72
CXW|810|66.2||1790988|32.13
CYTK|2224|7.2||1638609|64.66
CZR|733|69.4||2836922.5|29.59
D|1970|17.8||4859325|60.68
DAC|357|85.1||117359.5|154.14
DAKT|2185|8.8||592328.5|17.02
DAN|2004|16.4||1232705|27.14
DAR|1174|51||2164023|61.29
DASH|849|64.6||3403123|193.36
DBD|2195|8.4||197847.5|62.72
DBRG|679|71.7||3890570.5|15.98
DCH|2018|15.8||2642106.5|5.46
DD|1076|55.1||1068389.5|131.71
DECK|2183|8.9||3023442.5|78.67
DEI|2262|5.6||1731663.5|9.82
DFTX|1099|54.2||1752069.5|36.17
DIN|2106|12.1||361167.5|28.17
DIOD|477|80.1||512645.5|95.84
DJT|341|85.8||2938567.5|9.14
DKNG|1806|24.7||10018474|22.02
DKS|1922|19.8||3287549.5|136.43
DLB|743|69||979566|58.56
DLR|1636|31.8||1566089|178.61
DMC|870|63.7||348518.5|30.71
DMRA|2351|1.9||512731.5|20.66
DNLI|1596|33.4||1541572.5|20.39
DOC|1050|56.2||4384233|20.31
DOO|1755|26.8||204535.5|57.17
DORM|1313|45.2||180252.5|124.02
DOV|1129|52.9||1271485.5|191.88
DOX|1279|46.7||874245|57.71
DPZ|2118|11.6||737485|292.14
DRS|1592|33.6||864492|37.16
DRVN|1953|18.5||1039381|12.31
DVA|1725|28||586479.5|178.47
DY|2290|4.5||644240.5|271.52
DYN|2299|4.1||2631484.5|16.03
EBAY|801|66.6||4074296.5|107.9
EBC|1038|56.7||1913105|21.42
ECG|1484|38.1||365475.5|116.94
ECL|449|81.3||1051353.5|279.49
ECVT|1715|28.5||1058444|10.14
EDU|540|77.5||429103.5|56.47
EE|2186|8.8||351613.5|33.09
EEFT|1995|16.8||595502|65.61
EFC|1810|24.5||1172750|12.36
EFSC|1449|39.6||221938.5|60.93
EFX|2193|8.5||1306268.5|148.11
EGP|894|62.7||400466|201.52
EIX|2198|8.3||4717368|52.65
ELAN|1702|29||4990110.5|22.31
ELF|610|74.6||1384375|99.51
ELV|830|65.4||1104159|396.09
EMA|1756|26.8||246177.5|47.73
EME|851|64.5||333477|762.21
EMN|1496|37.6||1003160|66.97
ENB|2080|13.2||4657601.5|46.74
ENLT|2286|4.6||161064|69.47
ENOV|1770|26.2||1884014|18.46
ENPH|2226|7.1||4103858.5|32.4
ENS|1478|38.4||431463|178.89
ENVA|2056|14.2||281186|173.48
EPAC|914|61.9||388730.5|35.7
EPR|1584|33.9||799837|56.83
EQIX|1322|44.9||479419|1008.08
EQPT|2128|11.2||2513026.5|17.35
ERAS|1749|27||4556506.5|14.25
ERIC|1598|33.3||6748189.5|9.53
ERIE|1626|32.2||201757.5|222.86
ESAB|1874|21.8||918917|71.91
ESE|1615|32.6||201943|268.09
ESI|1239|48.3||4629156|35.71
ESTA|2189|8.7||273983.5|65.97
ETOR|2368|1.2||999647|26.39
ETRA|2394|0.1|||11.55
ETSY|1733|27.7||2876742|68.44
EVER|2210|7.8||677531.5|18.64
EVR|2292|4.4||461693.5|262.91
EVTC|1213|49.4||392113.5|28.18
EWBC|947|60.5||658923.5|127.23
EWTX|1196|50.1||1105036|39.34
EXP|2032|15.2||391541.5|178.49
EXPD|382|84.1||900886|187.46
EXPE|1134|52.7||1812718.5|264.17
EXPO|871|63.7||375103|64.18
EXR|1546|35.5||1180555.5|133.35
EXTR|1697|29.2||1223398|21.52
EYE|1402|41.5||2234110|16.53
EZPW|1304|45.6||597280.5|31.16
F|2173|9.3||43966310|12.71
FA|1012|57.8||1308577.5|19.6
FAF|1849|22.9||823936.5|66.27
FAST|330|86.3||6275484.5|50.43
FBIN|1843|23.1||2064614|39.38
FBK|1671|30.3||454852.5|52.74
FBNC|695|71||184198|63.5
FBRT|2243|6.4||1889046.5|6.97
FCEL|1497|37.6||5592566.5|16.49
FCFS|882|63.2||390290.5|217.45
FCN|2178|9.1||336841.5|134.29
FCNCA|1154|51.9||61962.5|2090.36
FCPT|2126|11.3||726667.5|22.2
FDX|2172|9.4||1364792.5|285.85
FDXF|2303|3.9||1459319.5|113.18
FEDU|751|68.7|||10
FELE|1223|49||224384.5|97.07
FER|1730|27.8||1348070.5|55.83
FERG|1028|57.1||1285213|222.74
FFBC|884|63.1||749849|32.4
FFIN|1142|52.4||638248.5|32.45
FG|2281|4.8||498307|22.12
FHB|1470|38.7||1820524.5|25.25
FHI|1204|49.8||598212|57.82
FICO|2206|8||310149|863.09
FIG|1852|22.7||13888788.5|20.85
FIGS|761|68.3||2220913.5|13.42
FIS|2270|5.3||5678744.5|35.41
FISV|2147|10.4||6049586.5|46.48
FIVE|1371|42.8||1112545|222.6
FIX|970|59.6||309326.5|1658.91
FIZZ|1799|25||359295.5|29.67
FLEX|964|59.8||2895746.5|114.68
FLG|1949|18.7||4050322|12.37
FLNC|2385|0.5||6144069|7.85
FLNG|953|60.3||423123.5|30.88
FLO|2229|7||8240839|5.74
FLUT|2275|5.1||2506083.5|83.23
FLYW|856|64.3||1285563.5|17.4
FMAC|699|70.9|||10.09
FMS|885|63.1||647704.5|22.69
FMX|1004|58.1||350864.5|119.62
FN|1501|37.4||771953|417.39
FNB|1424|40.6||3326857|17.64
FNF|2179|9.1||2412967|41.42
FORTY|1840|23.2|||114.99
FOUR|2255|5.9||1877909|38.45
FOX|767|68||987813|56.54
FOXA|806|66.4||4627040|63.07
FR|1155|51.8||834314|61.17
FRME|1119|53.3||396185.5|40.71
FRPT|1460|39.1||1077741.5|57.91
FRT|1731|27.8||719310.5|110.52
FSLR|2253|6||2051474.5|177.71
FSS|1081|54.9||359276.5|114.75
FSV|1782|25.7||198485|128.62
FTAI|2271|5.3||1314737.5|175.06
FTDR|1057|55.9||452517.5|73.99
FTV|1268|47.1||2019279|56.09
FUL|1892|21.1||546795.5|50.06
FULT|992|58.6||1367461|23.23
FUN|2373|1||1881036.5|12.32
FWONA|867|63.9||141050|86.46
FWONK|745|68.9||1975510|94.61
FWRG|2234|6.8||1049335|10.14
G|1342|44||1798210|33.1
GATX|476|80.2||197551|183.73
GBCI|1593|33.6||927212.5|44.75
GBDC|1219|49.2||1337459.5|12.46
GBTG|708|70.5||1157722.5|9.5
GBX|1616|32.6||330926.5|42.54
GCGR|553|77|||10.12
GD|1680|29.9||1100790.5|336.72
GDS|630|73.7||907143|32.77
GE|1002|58.2||3600246.5|327.09
GEF|446|81.4||342409|82.66
GEHC|684|71.5||3091492|66.63
GENB|995|58.5||1349646.5|15.15
GENI|1362|43.2||5451897|6.44
GEO|451|81.2||1669670|31.22
GEV|1016|57.6||1948166.5|957.63
GFF|404|83.2||267802.5|98.39
GFL|526|78.1||2322041.5|42.27
GFS|1280|46.6||3932587|49
GGG|770|67.9||1591386.5|77.86
GHC|576|76||33655.5|1154.89
GHM|1437|40.1||148774.5|87.21
GIB|1281|46.6||304373|67.77
GIII|1703|29||802602|27.12
GIL|2349|2||1112496.5|40.98
GIS|1812|24.4||9624186|33.64
GL|1019|57.5||379130.5|167.04
GLNG|1162|51.5||1219532|49.61
GLPI|2059|14.1||3499749|38.79
GLUE|2361|1.5||1135855|11.77
GM|1082|54.9||6217260|82.63
GMED|1479|38.3||1440521|74.52
GNK|1027|57.2||594085|26.09
GNL|1582|34||1912879|8.55
GNTX|1072|55.3||2038266|22.58
GNW|1520|36.6||3633675.5|9.43
GOLD|855|64.4||623041|43.95
GOLF|1737|27.5||321673|83.02
GOOG|726|69.7||15294252.5|341.08
GOOGL|724|69.8||22343994.5|343.92
GOOGM|346|85.6||1268710.5|48.9
GOOGN|343|85.7||921254|48.67
GPC|709|70.5||902711|129.61
GPCR|2282|4.8||853332|35.93
GPGI|2167|9.6||1613588.5|11.61
GPI|2334|2.6||216029.5|252.18
GPK|2042|14.8||6036917.5|9.38
GPRE|1450|39.5||1526941|14.92
GRC|1067|55.5||151598|74.21
GRML|454|81.1||717634|14.66
GRPN|696|71||953388|21.3
GSAT|593|75.3||551167|82.88
GSK|1045|56.4||2824615|49.24
GSL|741|69.1||280300|44.33
GT|2313|3.5||9423025|5.125
GTES|430|82.1||1663692.5|26.86
GTX|2159|9.9||2235927.5|25.72
GTY|2212|7.7||578478.5|28.66
GVA|1502|37.4||431617|115.08
GWRE|1290|46.2||1349795|145.56
GWW|1583|34||235513.5|1243.07
GXO|1773|26||1211228|45.2
H|1716|28.4||785283|158.48
HAPN|2310|3.6||1035630.5|15.03
HAS|1130|52.9||1277178.5|88.09
HASI|1537|35.9||847290.5|36.44
HAWK|2174|9.3||1236529|16.1
HCSG|1159|51.7||574714.5|21.05
HDB|975|59.3||11276126.5|23.01
HE|2365|1.3||2409472.5|9.1
HEI|1462|39||469872|308.53
HELE|474|80.3||356462.5|28.63
HFWA|972|59.5||391703|28.57
HG|1419|40.8||415285|33.29
HGV|2336|2.5||949997.5|35.77
HHH|355|85.2||582949.5|68.43
HIG|1999|16.6||1396796.5|124.23
HII|1932|19.4||390065|264.02
HIMX|765|68.1||756721.5|14.44
HLF|534|77.8||1262453.5|12.55
HLI|1759|26.6||771886|129.07
HLIO|1750|27||320729|68.64
HLIT|1751|27||1191093|11.01
HLMN|1826|23.8||1473121.5|7.05
HLN|1182|50.7||16362171.5|9.26
HLT|860|64.1||1653005.5|313.96
HMN|1965|18||288052.5|45.35
HNST|697|71||1947885|5.29
HOG|1365|43.1||1582191|25.45
HON|1210|49.5||2722683.5|212.55
HOS|2164|9.7||2120259|8.19
HOST|2395|0.1|||6.14
HOV|1452|39.4||104427.5|115.15
HQY|1620|32.4||856309|88.25
HR|1872|21.9||3549088|18.05
HRB|1396|41.8||1846429.5|42.19
HRI|1423|40.7||613937|135.36
HRL|2045|14.7||4435224.5|19.71
HRMY|326|86.4||862101|41.26
HROW|2011|16.1||446021|33.07
HSAI|1803|24.8||1236097.5|16.25
HSIC|704|70.7||938742|86.37
HST|925|61.4||6928559.5|22.42
HSY|1513|36.9||1191080|166.37
HTH|840|65||263106|38.56
HTHT|1439|40||1205353|42
HTO|892|62.8||346463|62.27
HUBB|861|64.1||439415|466.62
HUBG|2359|1.6||1126018|30.34
HUM|400|83.3||873497.5|397.93
HUN|2225|7.2||2046450.5|8.9
HWKN|1331|44.5||179898|129.03
HWM|2130|11.1||3139508|232.48
HXL|1816|24.2||781479|85.8
IART|1389|42.1||734257.5|16.12
IBN|1392|41.9||4147798.5|27.92
IBOC|1317|45.1||321022.5|69.94
IBP|2119|11.6||435146.5|200.23
ICE|905|62.3||2802605|154.31
ICHR|1574|34.3||603941|57.94
IDA|1663|30.6||490851|129.78
IDT|413|82.8||191641.5|67.46
IDXX|1284|46.5||436449.5|519.26
IDYA|873|63.6||628446.5|36.69
IESC|664|72.3||240283|324.13
IEX|386|83.9||508395.5|230.08
IFF|369|84.6||1524877.5|85.69
IFS|621|74.1||212303|56.25
IGAC|1712|28.6|||10.14
IHG|710|70.4||149617|158.16
IIPR|1336|44.3||306533.5|55.52
IMMX|1009|57.9||1305941|10.97
IMNM|1876|21.7||859237|21.41
IMO|1428|40.4||518363|122.86
INAC|1743|27.3|||10.33
INBX|1453|39.4||280552|99.61
INDB|1055|56||286441|81.2
INDV|1074|55.2||1449649.5|35.82
INFY|1987|17.1||15523486|10.5
INGM|1509|37.1||1924976|26.98
INGR|1393|41.9||611325.5|96.72
INOD|549|77.1||919517.5|69.21
INSM|845|64.8||1949376|117.83
INTU|2134|11||3450054|275.79
INVA|1220|49.1||704033.5|20.74
IONS|2366|1.3||3770618.5|44.5
IOT|577|76||5215910.5|37.96
IP|1445|39.7||4729495|35.02
IPAR|461|80.8||186729|117.93
IPGP|1651|31.1||391927|78.12
IR|910|62.1||3826297|76.08
IRM|1752|26.9||1445948|111.38
IRON|2083|13.1||532188|65.24
IRT|2037|15||2516342|14.63
IRTC|1613|32.7||479725.5|110.38
ITIC|691|71.2||66072|286.06
ITRI|982|59.1||469793|89.75
ITT|462|80.8||737858.5|206.26
ITW|583|75.7||1036650|274.32
IVR|2203|8.1||2806728.5|6.41
IVT|1865|22.2||557451|30.53
JAZZ|1240|48.3||652372|237.95
JBIO|2377|0.8||827416.5|14.42
JBL|896|62.6||912423|316.74
JBS|1977|17.5||4630277.5|11.57
JBTM|2060|14.1||460367|110.09
JCI|364|84.8||2794367.5|150.2
JD|1880|21.6||5906198.5|26.51
JHX|1348|43.8||9092723|26.1
JJSF|1231|48.7||170600.5|77.51
JMIA|933|61.1||1512025.5|6.88
JMKE|2364|1.4||2723164|16.99
JNJ|489|79.6||5858837|271.22
JOBY|1971|17.8||23569789.5|6.32
JOE|645|73.1||253086.5|65.3
KAI|2024|15.6||143599|273.89
KALU|1794|25.2||179165.5|152.55
KB|361|85||132533.5|127.26
KC|1936|19.2||1235022.5|9.66
KEX|1984|17.2||408403.5|128.88
KFRC|1000|58.3||248247|51.56
KFY|1827|23.8||512804|71.73
KGS|2246|6.3||1639324|52.91
KIM|1688|29.6||5122179|22.44
KLAC|1020|57.5||8981686.5|187.92
KLAR|2279|4.9||5211244.5|12.8
KLIC|1052|56.1||559213.5|91.18
KLRA|2383|0.6||936267|11.215
KMB|1604|33.1||3772770.5|98.43
KMPR|2094|12.6||789503|25.32
KMT|1429|40.4||1242393|31.03
KMX|1089|54.6||1583771.5|57.21
KN|520|78.3||626774|37.53
KNF|2309|3.7||1025804|54.58
KNSA|362|84.9||440053|75.08
KNSL|1618|32.5||177433.5|330.49
KOD|2107|12.1||672269|32.35
KRC|1726|28||1206419|34.23
KRG|1717|28.4||1730224|24.78
KRMN|2306|3.8||4010833.5|35.69
KRP|1043|56.5||922192.5|14.57
KRYS|625|74||224267|345.82
KT|486|79.8||1047457.5|19.7
KTB|2129|11.2||699519.5|65.37
KTOS|1614|32.7||3543822.5|45.62
KVUE|1369|42.9||22197533.5|17.8
KVYO|1667|30.5||6132292.5|15.8
KWR|334|86.1||127774|163.45
KYMR|634|73.6||645285|111.95
L|1493|37.7||844512.5|104.82
LAD|1683|29.8||218772.5|316.42
LADR|1791|25.3||1107785.5|9.08
LAFA|1722|28.2|||10.19
LAMR|1548|35.4||444469|143.98
LAR|2232|6.9||1849504.5|5.52
LASR|1800|24.9||1003887|40.33
LAZ|2321|3.2||1262264.5|36.72
LB|966|59.7||207852.5|81.38
LBRT|1661|30.7||3140933.5|18.94
LBRX|1186|50.5||269266.5|37.33
LBTYA|1978|17.5||2060892.5|9.45
LBTYK|2015|15.9||1490590|9.26
LCII|2324|3||269891|84.51
LCLN|1643|31.5||574811.5|23.37
LEA|2067|13.8||587737.5|122.71
LECO|601|75||369963.5|271.7
LEGN|2241|6.5||1802074.5|19.11
LEVI|1951|18.6||2116773.5|19.73
LFST|636|73.5||4270498|11.84
LFTO|2339|2.4||642933|15.91
LFUS|643|73.2||170295.5|429.22
LGIH|1718|28.3||264971|49.99
LGN|1820|24.1||737566|52.52
LHX|2153|10.2||1451961.5|237.69
LI|1887|21.3||2763836|11.5
LIF|1698|29.2||488392.5|41.1
LII|2014|16||453180|373.77
LIN|1329|44.6||1827272|469.89
LINC|2352|1.9||686605|22.46
LINE|1795|25.1||854893.5|36.15
LION|1871|22||2171333|10.85
LKQ|1992|16.9||3145671|23.29
LLY|457|81||2237253.5|1183.46
LMAT|1474|38.5||252542.5|81.52
LMB|1640|31.6||381982.5|51.48
LMND|2325|3||925028.5|44.93
LMT|1211|49.5||966504|519.56
LNTH|1040|56.6||901982.5|99.74
LOAR|1235|48.5||650487|65.04
LPCV|673|72|||10.08
LPG|441|81.6||578075|53.43
LPTH|1382|42.4||2968290|9.98
LPX|1370|42.9||1011117|66.7
LQDA|1033|56.9||1008387.5|68.43
LRN|1853|22.7||531929|78.56
LSCC|752|68.7||1361585.5|128.05
LSTR|2109|12||300983.5|163.77
LTH|1132|52.8||2517791.5|39.97
LULU|1461|39.1||4990675|101.3
LUMN|2267|5.4||12226746.5|5.71
LVS|2244|6.4||5232210.5|38.99
LWLG|1679|30||2623109|5.31
LXP|466|80.6||800983|60.88
LYFT|1270|47||8928689.5|14.865
LZ|2112|11.9||2411126.5|5.62
LZB|2204|8.1||747673.5|29.88
M|772|67.8||5749501.5|22.64
MA|495|79.4||2360743.5|567.65
MAC|1269|47.1||2864470|22.64
MAIN|790|67.1||426525|55.1
MAIR|1952|18.6||2182405.5|25.16
MAN|587|75.5||684808.5|57.41
MAR|874|63.6||1461448.5|352.03
MAT|1889|21.2||3573664|13.29
MATW|2294|4.3||820969.5|18.95
MATX|351|85.4||268976.5|224.66
MAZE|959|60||485636.5|26.05
MBC|2140|10.7||2531444|7.23
MBGL|2236|6.7||3428812.5|17.87
MBLY|1649|31.2||3764512.5|8.03
MC|2168|9.6||667309|58.74
MCD|1968|17.9||4823164|236.5
MCHP|888|63||7692240|78.69
MCK|758|68.4||772281.5|866.64
MCO|1044|56.5||653262.5|468.7
MCRI|990|58.7||147179.5|117.74
MCY|1413|41.1||264257|99.41
MDGL|1273|46.9||210192|516.56
MDLN|1623|32.3||7595783|34.7
MDU|1734|27.7||1650845.5|18.76
MELI|1558|35||444765.5|1752.61
METC|2327|2.9||2194186|9.02
MFA|1997|16.7||1530597.5|8.17
MFP|1559|35||411542.5|42.69
MGA|1212|49.5||1019257|65
MGEE|2022|15.7||152016|70.06
MGM|2330|2.8||2200207|32.58
MGRC|808|66.3||132150.5|113.23
MHK|669|72.1||1022776|125.16
MIAX|2342|2.3||1351099.5|34.9
MIDD|1928|19.6||519749|107.66
MIRM|2154|10.1||571147.5|89.7
MKSI|1644|31.4||1187691.5|260.82
MLI|1534|36||1360428|60.52
MLM|1817|24.2||807611|484.3
MLTX|2370|1.1||1576851.5|12.04
MLYS|1786|25.5||1156569|25.86
MMM|555|76.9||2686733.5|169.55
MMS|2028|15.4||527198.5|52.61
MMYT|1662|30.7||598831|46.75
MNRO|1472|38.6||824781.5|13.74
MNST|1101|54.1||9040288|43.11
MO|1084|54.8||7103499|68.82
MOD|1589|33.7||1207697.5|198.07
MOH|1136|52.6||544257.5|190.86
MRAM|656|72.7||810645.5|18.47
MRCY|1641|31.6||608053.5|82.18
MRP|1856|22.6||1234681|27.19
MRSH|1451|39.5||2434336.5|171.12
MRX|835|65.2||687166.5|71.31
MSA|727|69.7||216711|182.46
MSCI|1156|51.8||485086|551.36
MSGS|376|84.3||259732|402.84
MSI|470|80.4||818996.5|456.88
MSM|619|74.2||589244.5|121.22
MTAK|2392|0.2|||9.85
MTB|1624|32.3||896169|221.19
MTCH|542|77.4||3390728.5|40.55
MTN|794|66.9||816542|136.11
MTNE|492|79.5|||9.92
MTSI|809|66.3||1139273|285.57
MTX|1861|22.4||165067.5|66.98
MTZ|2314|3.5||1416944.5|212.85
MUSA|1374|42.7||276640.5|511.54
MWA|2113|11.9||1174056|21.63
MWH|1485|38.1||1181181|25.2
MXL|309|87.1||2448616.5|93.84
MYRG|1664|30.6||252589|292.58
MYX|663|72.4|||10.04
MZTI|1608|32.9||401623.5|100.47
NAMS|2301|4||1571107.5|22.58
NATL|819|65.9||544219|46.08
NAVI|773|67.8||1266402.5|9.12
NAVN|2176|9.2||4092894.5|19.415
NBHC|1434|40.2||329911|40.17
NBIX|2196|8.4||1039464.5|138.4
NBR|1958|18.3||208806|81.33
NCLH|1975|17.6||16250745|14.61
NDAQ|886|63.1||2997783.5|93.55
NDSN|310|87.1||314405.5|325.77
NEE|2102|12.3||10976963|76.08
NFG|1385|42.2||517503.5|78.99
NFLX|1766|26.3||28097455|71.145
NGG|1560|34.9||934535.5|75.49
NGVT|452|81.2||225520|73
NHC|358|85.1||86909.5|227.36
NHI|1906|20.5||319208.5|66.92
NHIV|570|76.3|||10.05
NIC|598|75.1||139342.5|168.4
NIQ|224|90.7||1130657.5|17.83
NKE|2029|15.4||30533471.5|35.75
NKTR|2307|3.8||697856|57.06
NMM|303|87.4||144170.5|91.51
NMRK|2199|8.3||1733743.5|13.06
NN|1386|42.2||2011548|14.38
NNI|1214|49.4||136273.5|124.34
NOC|1172|51.1||735761.5|510.52
NOK|824|65.7||73910274|10.39
NOVT|1108|53.8||308003|143.93
NPK|440|81.7||97026|144.66
NPO|778|67.6||149589|311.43
NRG|2347|2.1||2551519.5|100.37
NSC|1488|37.9||861878|313
NSP|939|60.9||342546.5|47.83
NSSC|1116|53.5||381161.5|35.66
NTCT|687|71.4||590237|39.44
NTES|1105|53.9||510824|115.41
NTST|2114|11.8||1020358.5|18.21
NUVB|1669|30.4||4320300|5.74
NVCR|2092|12.7||1036191|15.84
NVEC|437|81.8||110740|109.13
NVMI|1693|29.4||494454.5|368.23
NVO|2280|4.9||10136895|38.8
NVS|1740|27.4||2069604.5|145.46
NVST|1832|23.6||2443085|23.95
NVT|420|82.5||1879463|164.41
NVTS|883|63.2||10693378|12.2
NWE|1224|49||412311|68.84
NWL|911|62||6218328.5|5.43
NWN|1499|37.5||244494|47.04
NWPX|1788|25.4||124316.5|102.83
NWS|960|60||995933.5|31.75
NWSA|864|64||3629244|28.49
NXPI|1384|42.3||3120327.5|238.08
NXRT|2357|1.7||566844|19.64
NXST|2009|16.2||326073|162.1
NXT|2012|16.1||1722885.5|80.85
NYT|1779|25.8||2353422.5|63.83
OC|1780|25.8||1085784.5|123.91
OCFC|2100|12.4||928602|17.1
OCTV|730|69.6||2533204.5|18.83
OCUL|902|62.4||2078394.5|9.65
ODFL|2115|11.8||1579662|173.3
OGN|676|71.8||2461640|13.73
OI|2367|1.3||2878029.5|5.86
OIG|2393|0.2|||9.57
OLED|1665|30.6||719614|77.39
OLN|2137|10.9||2604680|16.4
OMC|1482|38.2||2454161.5|76.15
OMCL|1774|26||536494|33.66
OMDA|1464|38.9||1022189.5|19.66
ON|1420|40.8||10384790.5|77.2
ONB|878|63.4||3472982|25.49
ONC|317|86.8||324229|360.85
ONDS|1125|53.1||65222958.5|7.64
ONON|1426|40.5||8076644.5|29.96
OPLN|1258|47.5||905465|34.82
ORA|2110|12||770099.5|93.63
ORC|2200|8.2||5060987.5|5.71
ORI|1847|23||1234860.5|37.74
ORLY|1061|55.8||5054655.5|86.115
OSCR|857|64.3||5149902|29.6
OSIS|1547|35.5||230646.5|197.24
OSK|1981|17.4||447653|132.75
OSW|1121|53.3||916495.5|22.92
OTEX|1295|46||1150482|22.51
OTIS|1796|25.1||3700724.5|65.94
OTTR|850|64.6||194281|89.34
OUT|1841|23.2||1382384.5|27.65
OXM|2362|1.5||493762|25.95
OZK|1609|32.9||1014735|46.89
PAC|842|64.9||116522|215.94
PACS|1086|54.7||650196.5|41.3
PAG|843|64.9||321093.5|209.62
PAR|2103|12.3||875345|14.06
PATK|2328|2.9||458919.5|68.49
PAX|1707|28.8||1048930|10.24
PAYO|365|84.8||2124931|7.17
PB|1599|33.3||864206|67.77
PBAM|1103|54||120620.5|86.25
PBH|1789|25.4||499792.5|46.61
PBI|1312|45.3||1424801|16.38
PBLS|2155|10.1||515589.5|31.2
PCAR|1916|20.1||2578403.5|111.31
PCG|2332|2.7||43506279.5|12.34
PCRX|1014|57.7||465707|25.12
PCT|2343|2.3||2942814.5|5.02
PCVX|967|59.7||1217672|56.21
PDD|1746|27.2||6051832.5|77.57
PDM|1109|53.8||1254799.5|9.17
PECO|1637|31.7||817826|37.39
PEN|880|63.3||336850|318.89
PENN|2051|14.4||2553481.5|15.65
PEP|1758|26.7||7492560|128.63
PFE|323|86.6||28533706.5|28.67
PFGC|1836|23.4||1328367|91.55
PFS|1077|55.1||747452.5|22.84
PFSI|2263|5.6||465640|65.46
PGNY|1327|44.7||943215.5|25.44
PH|469|80.5||577623|978.33
PHG|1358|43.4||741759.5|24.96
PHIN|2218|7.5||318679.5|62.04
PII|2331|2.8||779171|53.03
PINS|1783|25.6||12410558|18.9
PIPR|1633|31.9||617005|72.34
PJT|2038|15||362492.5|151.77
PKG|776|67.7||539099.5|237.18
PKX|1674|30.2||193331.5|56.95
PL|1935|19.3||9339574|17.43
PLAB|1046|56.4||991556.5|30.4
PLAY|2381|0.7||2047781.5|6.62
PLD|1489|37.9||3006109|133.05
PLNT|2304|3.9||1723810|42.68
PLUS|667|72.2||186997.5|90.51
PMT|2248|6.2||1508021.5|8.33
PNC|1647|31.3||1546001|225.64
PNFP|1517|36.7||880666.5|94.97
PNR|2228|7.1||2643588.5|53.66
PNTG|337|86||253262.5|40.77
PODD|2019|15.8||1320285.5|136.13
POET|1113|53.6||7252208.5|7.77
PONY|1747|27.1||3212287|6.89
POOL|2033|15.2||758032.5|164.91
POR|1492|37.8||1011265.5|46.85
POST|2302|4||884106.5|73.15
POWI|1522|36.5||707018|52.22
POWL|1538|35.9||521038|189.53
PPG|1340|44.1||1525727.5|107.52
PPL|1998|16.7||6340227|32.03
PPLI|450|81.3||942484|40
PRAX|2277|5||323598.5|280.78
PRCT|2095|12.6||1141245.5|17.2
PRG|2184|8.9||533812|32.68
PRI|1696|29.3||186371.5|275.59
PRIM|1833|23.5||1183056.5|72.65
PRK|1248|48||96201|181.68
PRKS|2273|5.2||632767.5|33.25
PRM|1925|19.7||982970|29.11
PRMB|2192|8.6||4102292.5|19.5
PRVA|1909|20.4||1077853.5|19.71
PSA|1590|33.7||757818|287.97
PSMT|811|66.2||192071|174.73
PSN|2237|6.7||1012362.5|43.07
PSO|603|74.9||621579|16.13
PTC|785|67.3||1377550|138.12
PTCT|2101|12.4||1026496.5|62.67
PTRN|2219|7.4||1337310|17.02
PUK|2117|11.7||877216|25.25
PUMP|2350|2||3638427|9.59
PVH|1122|53.2||986197.5|75.99
PVLA|1259|47.5||188363|138.16
PWP|2175|9.3||1350120.5|14.47
PWR|722|69.9||797917.5|649.13
PZZA|2354|1.8||1339037.5|19.55
Q|1245|48.1||1463779.5|124.69
QDEL|2278|5||1129875|10.94
QFIN|2378|0.8||1950613.5|7.3
QNST|1628|32.1||844594.5|14.41
QSR|1677|30.1||2742400|71.64
QXO|1959|18.3||15391873.5|12.43
R|1612|32.8||225859.5|235.57
RACE|304|87.4||313874.5|411.33
RAL|319|86.7||1187153|70.03
RAMP|837|65.1||1198018.5|37.5
RAPP|2257|5.8||357780.5|33.91
RARE|2132|11.1||5109543|14.5
RBA|1763|26.5||1512730|82.49
RBC|1255|47.7||287316|506.1
RCAT|2311|3.6||5921546|6.66
RCI|1986|17.2||917562|31.91
RCL|1969|17.9||2157094|242.7
RCUS|1894|21||1544929.5|24.97
RDDT|1171|51.2||3962347.5|149.84
RDN|2054|14.3||885216|33.02
RDY|763|68.2||2447758|12.25
REAL|2064|13.9||2251033.5|8.83
REAX|1842|23.2||957440.5|16.43
REG|1444|39.8||1323922.5|73.23
REGN|471|80.4||586000|788.04
RELX|1241|48.2||1782658.5|33.52
RELY|1911|20.3||3965999|21.36
REXR|720|70||2585826.5|37.47
REYN|1263|47.3||1557489.5|21.67
REZI|2250|6.1||1978121|18.27
RF|1792|25.3||7020659|27.62
RH|2260|5.7||681516.5|124.17
RHI|1075|55.2||1655762|36.89
RHLD|1334|44.4||135208|125.38
RITM|1506|37.2||4366581|9.13
RIVN|746|68.9||18624545|15.47
RKT|2052|14.4||25827188|12.17
RL|935|61||697777.5|357.1
RLAY|1166|51.4||2908479.5|17.47
RNAQ|2389|0.3|||10.09
RNST|1187|50.5||570233.5|40.35
ROAD|2091|12.8||537345.5|93.71
ROCK|1760|26.6||307664|40.56
ROG|401|83.3||180482|137.76
ROIV|340|85.9||6733136.5|35.8
ROK|1024|57.3||637392|434.15
ROL|2355|1.8||5658200|30.03
ROP|1465|38.9||656632.5|358.56
RPM|1345|43.9||954573.5|100.44
RPRX|1346|43.9||2746390|58.21
RRR|2150|10.3||953933.5|50.76
RRX|1976|17.6||1163944|156.18
RS|1017|57.6||253470.5|387.28
RSG|1133|52.8||1620387|212.1
RSI|2369|1.2||2553813|19.87
RTO|2340|2.4||1781671|20.64
RUM|521|78.3||4476183.5|8.36
RUN|2239|6.6||6929407.5|8.11
RUSHA|1309|45.4||508763|47.97
RVLV|998|58.4||849823.5|21.2
RXO|1941|19||1521861|19.79
RYAAY|1003|58.2||1411242|55.3
RYN|1877|21.7||3380814.5|18.88
RYTM|897|62.6||543104|98.66
SAH|2344|2.2||230874.5|64.95
SAM|1561|34.9||188892|163.77
SARO|2141|10.7||3372227|22.74
SATL|504|79||4207948.5|6.17
SB|1018|57.6||1288746|8.14
SBAC|2065|13.9||843048|166.15
SBCF|958|60.1||761800|33.03
SBLK|1042|56.6||1485321|29.54
SBS|1135|52.7||7689250|5.18
SBUX|1878|21.7||6318922|94.86
SCHL|2230|7||375100.5|32.35
SCI|1363|43.2||808100.5|77.84
SCSC|324|86.5||229287|58.3
SE|1298|45.9||2805778.5|99.55
SEB|2127|11.3||11871.5|3969.18
SEDG|2069|13.7||2823398|32.68
SENEA|661|72.5||89251.5|182.66
SFBS|1094|54.4||601968.5|41.31
SFD|2326|3||1825177|19.04
SFL|535|77.7||1521260|12.78
SFM|2337|2.5||1916915|62.49
SG|434|81.9||4331350.5|8.24
SGHC|2222|7.3||2297123|11.97
SGI|1829|23.7||3504572.5|63.95
SGML|2144|10.6||1782373|9.58
SHAK|2026|15.5||1302284|55.55
SHAZ|1724|28.1||1345277.5|54.68
SHC|517|78.5||1752794|18.34
SHG|335|86.1||132576|80.95
SHLS|1511|37||3976446.5|7.47
SIGI|1709|28.7||361533.5|86.12
SII|764|68.2||120691|124.34
SIRI|2096|12.6||3830178.5|25.855
SITE|2048|14.6||908322|91.31
SKM|1275|46.8||1072000|36.3
SKT|1811|24.5||754213.5|34.73
SLAB|644|73.2||195987.5|221.24
SLGN|2161|9.8||1059924.5|35.91
SMA|1137|52.6||699899.5|31.73
SMG|2285|4.7||823776|50.89
SMPL|2158|10||1917581|9.6
SNA|1274|46.9||235913.5|369.2
SNAP|596|75.2||30470232.5|5.42
SNDA|996|58.5||409243.5|37.71
SNDX|2086|13||1394779|18.2
SNEX|1605|33.1||702007.5|66.81
SNN|1895|21||1486682|26.91
SNPS|646|73.1||1860118.5|425.76
SNX|394|83.6||563666|263.03
SNY|1648|31.3||2328694|41.11
SOBO|1961|18.2||460820.5|33.99
SOCA|739|69.2|||10.34
SOLS|2120|11.6||2001334.5|56.65
SON|1418|40.9||1155895|50.06
SONY|677|71.8||3371095|23.55
SORN|1738|27.5|||10.02
SOUN|1950|18.7||21236479|6.05
SPG|1242|48.2||1024341|204.82
SPGI|1699|29.1||1629405|403.3
SPXC|2264|5.6||410244.5|172.79
SQM|1990|17||924682.5|66.89
SRAD|838|65.1||1754906.5|13.24
SRE|2053|14.4||3154230|77.93
SRRK|1525|36.4||1693882.5|48.63
SSB|1049|56.3||529995.5|102.46
SSD|1310|45.4||254714|176.55
ST|1435|40.2||1182862.5|42.19
STAA|2256|5.9||777148|20.51
STAG|1338|44.2||1431241.5|36.79
STC|2148|10.4||231715|59.19
STE|1466|38.9||558062.5|208.93
STM|1157|51.8||7389001|51.93
STN|1403|41.5||265583|69.02
STOK|2266|5.5||717009|24.8
STRL|1569|34.6||487593.5|512.29
STUB|2376|0.9||5946052.5|5.44
STWD|2156|10.1||3991356|14.36
STZ|2215|7.6||2014672.5|113.63
SUI|1732|27.8||1034358.5|112.26
SUN|706|70.6||528131.5|74.76
SUNB|622|74.1||5031832|75.06
SUPN|1406|41.4||569949|42.66
SUZ|919|61.7||2579763.5|8.69
SVV|1164|51.5||1120685.5|9.34
SW|500|79.2||3881927|46.41
SWK|893|62.8||1446400.5|91.4
SWMR|2386|0.5||543318.5|20.73
SXI|723|69.9||137602|280.17
SXT|755|68.5||284697|129.22
SYBT|740|69.2||147847|78.57
SYF|1415|41||2726469|72.94
SYK|2165|9.7||2464081.5|272.36
SYM|879|63.4||1508204.5|43.47
SYNA|1341|44.1||665511.5|102.72
SYY|988|58.8||3461857.5|78.46
T|675|71.9||34454448.5|25.38
TAC|1768|26.3||992367.5|11.53
TAL|406|83.1||3142807.5|12
TAP|2151|10.3||3041377.5|35.95
TARS|989|58.8||584498.5|75.69
TBBK|2276|5.1||484346|50.58
TCBI|1128|53||449628|95.82
TCBK|1260|47.5||232889|52.38
TCOM|1658|30.8||3867337.5|39.43
TDAY|1564|34.8||1953193.5|6.42
TDC|862|64.1||1515945.5|28.94
TDG|1544|35.6||353009.5|1116.2
TDOC|1708|28.8||3008593|6.09
TDY|941|60.8||259947.5|614.15
TEL|328|86.4||1748265|218.59
TEX|1938|19.2||976257.5|57.33
TFC|1645|31.4||6356192.5|47.66
TFIN|2160|9.9||206986|61.45
TFSL|1276|46.8||676152|16.72
THO|1602|33.2||709301|72.15
TIC|713|70.3||1220645.5|8.89
TIGO|812|66.2||802263|92.63
TILE|653|72.8||412678|35.2
TJX|1659|30.8||8338655|130.06
TKO|926|61.4||888533.5|182.67
TKR|1629|32.1||863870|117.45
TLAC|2390|0.3|||9.85
TLN|1835|23.5||680690|304.42
TM|828|65.5||306296|190.34
TME|950|60.4||7220161|8.39
TMUS|1945|18.9||4047925|165.43
TNC|2062|14||179658.5|67.74
TNGX|399|83.4||2284929|24.92
TNL|1528|36.3||625484|63.66
TOST|936|61||8355934.5|30.6
TOWN|900|62.5||453702|36.36
TPB|2338|2.5||260568.5|62.07
TPL|1983|17.3||310045.5|341.07
TPR|2093|12.7||2884767|113.88
TREX|512|78.7||1305105|44.79
TRI|771|67.9||1338808|98.99
TRIP|2242|6.5||3817845|8.41
TRMB|680|71.7||2150276|57.85
TRN|1700|29.1||538828|27.91
TRNO|993|58.6||652581.5|66.07
TROW|1287|46.3||1349790|105.51
TRP|1993|16.9||2093335|58.78
TRS|929|61.3||299083|39.15
TRU|1947|18.8||2000924|69.17
TRVI|2079|13.3||1396312|14.41
TSCO|1188|50.5||8500860.5|32.27
TSLA|558|76.8||32595192.5|372.11
TSN|1580|34.1||3184969|50.92
TT|852|64.5||914610|454.44
TTAN|2247|6.3||2512264|58.05
TTC|395|83.6||873265.5|97.15
TTD|2345|2.2||19034754|12.6
TTI|2333|2.7||1924395.5|6.08
TTMI|1123|53.2||1602652.5|129.17
TTWO|1875|21.8||2474649|201.44
TU|2297|4.2||5241304|8.48
TVTX|912|62||1288285.5|59.44
TW|1169|51.3||1194612|101.19
TXN|783|67.4||5306475|278.07
TXRH|2223|7.3||971110|159.75
TXT|1813|24.4||1690276.5|76.59
TYL|1228|48.8||715817|325.57
TYRA|2374|1||1120625|21.76
UBER|1314|45.2||17110484|69.62
UBSI|780|67.5||957432|46.86
UCB|1054|56.1||691142|34.23
UCTT|1144|52.3||695306|77.69
UE|1801|24.9||736285|19.9
UFPI|1554|35.2||397454|79.49
UGP|392|0||3252866.5|7.1
UI|991|58.7||148551.5|560.67
ULS|2287|4.6||664015|66.05
ULTA|608|74.7||562236|545.2
UMBF|1233|48.6||570096|135.82
UNF|1638|31.7||274600|259.09
UNFI|976|59.3||589892|45.85
UNH|1571|34.5||4352925.5|376.59
UNIT|2258|5.8||1899187.5|8.91
UNP|1454|39.4||2030931|273.79
UPBD|2240|6.6||769481|16.09
UPS|1988|17.1||3947464|93.96
UPST|2220|7.4||4011729|23.81
UPWK|1729|27.9||2623333.5|8.15
URGN|788|67.2||602193|41.35
URI|632|73.7||419983|1047.06
USB|1305|45.6||6757430.5|59.33
USFD|1376|42.6||2480894|93.33
USLM|965|59.8||130179.5|111.4
UTHR|1600|33.3||454704|475.45
UTI|2283|4.8||1708280.5|20.3
UVV|2125|11.4||276615.5|42.47
V|560|76.7||5041453|367.38
VAC|426|82.3||429220|102.82
VALE|2077|13.4||26805875.5|13.61
VC|2208|7.9||414158|90.46
VCEL|903|62.4||462213.5|39.71
VCX|2371|1.1||454714.5|30.18
VECO|943|60.7||515496|49.67
VERX|2108|12.1||1311212|11.37
VFC|1387|42.2||7209251|14.15
VGNT|807|66.4||616473.5|46.73
VIAV|735|69.4||4465950|40.68
VICI|2010|16.2||9116629|23.51
VIK|1868|22.1||3596813|80.3
VIPS|1918|20||3033598|12.38
VISN|2000|16.6||6543355|6.22
VITL|1339|44.2||1307445|9.95
VIV|1581|34.1||1291409.5|11.6
VKTX|380|84.2||2143127|35.56
VMC|1787|25.5||1048360.5|245
VMI|1308|45.5||150139|466.83
VNET|1288|46.3||3347742|6.64
VNME|581|75.8|||10.27
VNO|1343|44||1206753.5|34.73
VNOM|1907|20.5||1326914.5|40.93
VNT|962|59.9||1152225.5|31.48
VOD|442|81.6||2882832.5|16.62
VOR|1518|36.7||824976|18.52
VPG|1533|36.1||300042|71.63
VRSK|1897|20.9||999055|169.21
VRSN|934|61.1||641858|287.25
VRT|2162|9.8||4397964|253.28
VRTS|2254|6||111020.5|130.58
VRTX|479|80.1||865180|526.19
VSEC|1686|29.7||324700.5|180.77
VSH|1535|36||2852890|32.55
VSNT|2180|9.1||1434256|32.8
VST|1974|17.7||4262652|138.46
VSTM|407|83.1||2006563.5|7.74
VSTS|716|70.2||1350818.5|13.65
VTOL|1063|55.7||253800.5|42.62
VTR|1514|36.9||2893064.5|86.59
VTRS|378|84.3||6951839.5|17.83
VVV|2201|8.2||2160465|28.92
VYX|1830|23.7||3030167|7.07
VZ|1250|47.9||19269516|47.08
WAB|572|76.2||744120.5|288
WAFD|2182|9||1373398.5|31.35
WAL|1315|45.2||985995|77.61
WAY|352|0||1731055|24.7
WBI|1837|23.4||477259.5|29.8
WCC|397|83.5||461739.5|367.44
WCCB|2391|0.3|||60.71
WCN|1473|38.6||1006807|155.56
WD|2268|5.4||437232|37.98
WDC|1427|40.5||5851448|456.81
WDFC|1576|34.3||110627|199.17
WEN|2163|9.8||5298584.5|6.55
WFRD|2034|15.2||974211|85.08
WGO|2098|12.5||551095.5|27.15
WH|1377|42.6||1077127|69.99
WHR|2316|3.4||2747877|31.71
WINA|1962|18.2||75497.5|296.35
WING|2261|5.7||1259331|99.07
WLDN|1516|36.8||183779.5|78.9
WLII|1784|25.6|||10.25
WLK|2084|13.1||590094.5|67.71
WLY|725|69.8||520248.5|47.55
WM|1691|29.5||2228701.5|206.83
WMG|1545|35.6||1525434|27.14
WMK|836|65.2||165570|72.02
WMS|1058|55.9||715344|133.13
WMT|974|59.4||19749797|107.98
WOLF|1145|52.3||2233006.5|27.57
WOR|371|84.6||402014|62.24
WRBY|301|87.5||2802088.5|26.71
WRD|1656|30.9||2256983|5.53
WRLD|1753|26.9||58888.5|171.99
WSBC|1226|48.9||866872.5|38.66
WSC|2252|6.1||2176066|18.17
WSE|1660|30.8||1439749.5|11.55
WSFS|795|66.9||343292|77.76
WSO|1430|40.4||443237|317.23
WTFC|1475|38.5||391493.5|146.11
WTM|1411|41.2||20086.5|2028.62
WTRG|1022|57.4||2460546|39.53
WTS|443|81.6||178747.5|357.79
WU|2323|3.1||8030923.5|6.18
WWD|1748|27.1||582622|330.31
WY|2235|6.8||5365322|20.01
WYFI|1672|30.3||1395755|19.62
WYNN|2216|7.6||1811978.5|81.12
XENE|2379|0.8||680406|36.94
XHR|948|60.5||823426.5|18.17
XIII|2388|0.4|||10.22
XPEV|2177|9.2||6247500|10.12
XPO|2187|8.8||1038217|173.17
XRAY|2259|5.8||3658630|9.4
XXI|387|83.9||1612919|6.64
XYL|1540|35.8||2244589|102.63
YELP|2335|2.6||1226268.5|18.03
YETI|1200|50||1616487.5|42.28
YMM|1657|30.9||4386373|8.13
YOU|2295|4.3||1760963.5|39.6
YSS|1655|31||2736872|9.57
YUM|1823|24||2160345|138.63
YUMC|1736|27.6||1372575|40.47
Z|2211|7.8||3567387|28.43
ZG|2149|10.4||811121.5|29.3
ZGN|1106|53.9||1112745|12.73
ZION|1585|33.9||1334464.5|63.83
ZM|1815|24.3||2700667|89.71
ZTO|2055|14.3||2103670.5|19.49
ZTS|1710|28.7||4121745|71.05
ZWS|1051|56.2||722336|46.65
CRCL|1632|31.9|Financial Services|14048160|89
SR|1744|27.3|Utilities|509283|77.21
CNQ|1218|49.2|Energy|5869876.5|47.41
CROX|484|79.8|Consumer Cyclical|960334|126.14
WELL|977|59.3|Real Estate|2333930|231.37
DOCN|478|80.1|Technology|2093808.5|139.75
AXTI|515|78.5|Technology|7546820.5|78.94
INVX|1102|54|Energy|694934.5|28.5
BE|298|87.6|Industrials|12623177.5|288.7
FSLY|62|97.5|Technology|5944749|24.96
VG|2097|12.5|Energy|14742084.5|12.62
JKHY|1487|38|Technology|841662|147.79
RVMD|377|84.3|Healthcare|1858769|204.97
AESI|1675|30.1|Energy|2923102.5|12.47
DVN|793|66.9|Energy|10526141|47.05
CVE|875|63.5|Energy|5338799.5|30.93
PR|1333|44.4|Energy|9667007.5|21.36
APPF|445|81.5|Technology|279833|204.22
MGY|1973|17.7|Energy|4042991.5|24.11
NEXT|2068|13.7|Energy|2290489.5|6.56
ESLT|981|59.1|Industrials|69454.5|735
PNRG|1195|50.2|Energy|88908.5|208.67
MEOH|655|72.7|Basic Materials|680308|58.855
NE|1631|32|Energy|1125601|42.82
PTEN|1681|29.9|Energy|7873823.5|10.91
PATH|1193|50.3|Technology|57024624|12.46
ARW|293|87.8|Technology|452526|232.8
FET|109|95.5|Energy|181978.5|82.83
CE|750|68.7|Basic Materials|1734627|47.09
AGX|2348|2|Industrials|420742.5|364.29
AVT|151|93.7|Technology|1108376.5|103.075
SLS|1149|52.1|Healthcare|5688745.5|11.61
CSTL|47|98.1|Healthcare|356467|35.81
ANDE|1541|35.7|Consumer Defensive|329387|66.97
AR|1689|29.5|Energy|3589966|35
CF|1996|16.7|Basic Materials|2327510|114.67
EC|606|74.7|Energy|1483352.5|16.58
GCT|97|96|Technology|564420|53.98
OMER|50|98|Healthcare|1348863|20.08
HTFL|120|95|Healthcare|1488005|49.17
CNR|1215|49.3|Energy|435181|89.02
CHRD|1477|38.4|Energy|627861|136.27
CRML|597|75.1|Basic Materials|6085503|7.83
SRPT|1173|51.1|Healthcare|2605704|18.67
AVTR|111|95.4|Healthcare|8015283.5|15.25
PLSE|222|90.8|Healthcare|649015|51.63
WTTR|826|65.6|Energy|1513647.5|19.84
YPF|582|75.8|Energy|1013200|52.1
CRC|1388|42.1|Energy|867544.5|52.51
ABTC|554|76.9|Financial Services|1514123.5|9.1
NOG|1360|43.3|Energy|1917818|23.29
KNTK|1118|53.4|Energy|1105445.5|51.21
GRDN|497|79.3|Healthcare|540260|41.21
MDA|823|65.7|Industrials|890023|31.49
MU|121|95|Technology|23150164|1082.28
LGND|289|88|Healthcare|205959.5|301.52
TRGP|1087|54.7|Energy|949448.5|277.84
OKE|1617|32.6|Energy|3247562|88.63
AMD|72|97|Technology|18139689|630.63
MUR|1073|55.3|Energy|1492862|36.33
ECPG|282|88.3|Financial Services|347557|98.41
ARCT|666|72.2|Healthcare|971820.5|13.85
VIR|649|73|Healthcare|1900408.5|10.66
AUGO|297|87.6|Basic Materials|989520.5|83.57
PRDO|1621|32.4|Consumer Defensive|513902.5|30.49
BWLP|506|78.9|Energy|441580.5|24.23
FRO|161|93.3|Energy|3580942|47.73
NTLA|1297|45.9|Healthcare|3575840|11.75
NESR|693|71.1|Energy|1419248|32.13
SMMT|1456|39.3|Healthcare|5224113.5|15.61
AEHR|134|94.4|Technology|2396216|104.39
SCHW|1375|42.7|Financial Services|7671200|99.03
CLS|302|87.4|Technology|1947487.5|365.44
SMR|1921|19.9|Industrials|34942713|8.42
TWST|6|99.8|Healthcare|1820076.5|182.83
BKSY|798|66.7|Industrials|895743|23.25
SDRL|1515|36.8|Energy|477731|45.57
ACHC|906|62.2|Healthcare|1302947.5|28.09
ENTG|195|91.9|Technology|1864538|151.89
TTEK|650|72.9|Industrials|1968249|33.91
OKLO|1982|17.3|Utilities|8014580.5|38.04
AAMI|240|90|Financial Services|347329.5|93.88
ZLAB|402|83.3|Healthcare|850125.5|24.98
COHU|46|98.1|Technology|857361.5|67
CGEM|1979|17.4|Healthcare|815654.5|14.81
ASX|96|96|Technology|5796233|44.31
MLAB|128|94.7|Technology|128068|134.04
PHVS|1494|37.7|Healthcare|653923.5|32.02
AGI|1227|48.8|Basic Materials|3017183.5|34.5
ARIS|623|74|Basic Materials|1317963|18.93
AEM|544|77.3|Basic Materials|1927278.5|194.48
COHR|847|64.7|Technology|5272593.5|295.83
BGC|769|67.9|Financial Services|2771126|11.84
DXPE|175|92.7|Industrials|103242|192.1
EQX|969|59.6|Basic Materials|11261786.5|11.94
ALNT|31|98.7|Technology|198983|116.01
AU|913|61.9|Basic Materials|2137370.5|99.03
MRNA|5|99.8|Healthcare|16516438|198.88
BVN|748|68.8|Basic Materials|1099105|33.17
CLMT|152|93.7|Basic Materials|1296261|53.65
ATI|1531|36.1|Industrials|1391453.5|185.48
KGC|1845|23|Basic Materials|6867625.5|25.05
FCX|333|86.1|Basic Materials|10999168.5|72.31
CGAU|223|90.7|Basic Materials|952006.5|22.56
BFLY|17|99.3|Healthcare|4203550.5|9.39
AMAT|592|75.3|Technology|5929804|485
FMC|2329|2.8|Basic Materials|3078280|9.58
FTI|1771|26.1|Energy|2555619|70.99
HAFN|618|74.2|Industrials|2344613|8.92
CHTR|2245|6.3|Communication Services|2686688|112.91
FNV|432|82|Basic Materials|580089|257.87
MPWR|711|70.4|Technology|624684.5|1367.43
LITE|339|85.9|Technology|3896111.5|941.65
KEYS|291|87.9|Technology|1054289|362.15
FTK|85|96.5|Energy|352611.5|29.53
MANE|214|91.1|Healthcare|617006|116.57
SEIC|617|74.3|Financial Services|703718.5|105.65
MTRN|185|92.3|Basic Materials|237750|264.96
LRCX|494|79.4|Technology|8246791.5|315.21
LIFE|731|69.5|Financial Services|1243173|34.3
INTC|210|91.3|Technology|95251140|123
GLW|877|63.4|Technology|7861874.5|156.74
ARM|276|88.5|Technology|4369942.5|310.32
MRVL|63|97.4|Technology|19543187.5|261.935
FLY|652|72.8|Industrials|2189167|24.36
NEM|546|77.3|Basic Materials|6212115|121.43
SSRM|405|83.1|Basic Materials|2131709.5|35.68
OPY|396|83.5|Financial Services|105975|119.78
PLPC|136|94.4|Industrials|67692|423.33
PBR|468|80.5|Energy|21795180.5|20.37
REPX|626|73.9|Energy|321220.5|40.55
SKE|550|77.1|Basic Materials|395869.5|31.71
SPHR|524|78.2|Communication Services|550195|141.13
PLXS|490|79.6|Technology|208573|263.09
USDE|2|100|Financial Services|4431775|17.25
ONTO|308|87.2|Technology|766367.5|287.64
SVM|1262|47.4|Basic Materials|1812848.5|11.34
TDW|1143|52.3|Energy|525851.5|84.74
NNN|1940|19.1|Real Estate|1486219|41.3
WLTH|584|75.7|Technology|2864316.5|10.18
TH|184|92.4|Industrials|1855744|20.58
WULF|1942|19|Financial Services|26543223|15.74
TER|208|91.4|Technology|2281839|398.38
TXG|9|99.7|Healthcare|2815236|85.71
WPM|756|68.5|Basic Materials|1657460|142.92
VIRT|1966|18|Financial Services|945538.5|53.4
MARA|595|75.2|Financial Services|42502047.5|12.55
SIMO|481|80|Technology|702532|276.23
RKLB|688|71.3|Industrials|18687543.5|73.95
THC|320|86.7|Healthcare|681498|259.71
IBRX|204|91.5|Healthcare|8975756|8.44
HONA|1151|52|Industrials|3430798|158.78
UMAC|174|92.8|Technology|2405872.5|24.05
BB|586|75.6|Technology|10108646|8.21
GLXY|1530|36.2|Financial Services|4638015.5|24.24
NCNO|1056|56|Technology|2364810|19.41
PDFS|458|80.9|Technology|553002|49.55
VICR|181|92.5|Technology|702670|281.96
HYMC|1480|38.3|Basic Materials|1884262.5|21.48
QGEN|277|88.5|Healthcare|1559757|44.18
IREN|921|61.6|Financial Services|35411566|44.125
WT|311|87.1|Financial Services|2666060.5|24.33
PLTR|66|97.3|Technology|24644343|189.67
SITM|455|81.1|Technology|399517.5|662.27
SMTC|92|96.2|Technology|3110927.5|182.3
CLYM|1908|20.4|Healthcare|1514076.5|11.66
VCYT|1015|57.7|Healthcare|1442789|45.43
BTGO|230|90.4|Financial Services|1446651|7.48
USAR|1926|19.7|Basic Materials|12995912|15.18
APLD|1409|41.2|Technology|14392145|26.25
RMBS|660|72.5|Technology|1996704|105.16
MICC|427|82.2|Consumer Defensive|801095.5|18.98
NUE|1010|57.9|Basic Materials|1060161.5|247.25
SNDR|2081|13.2|Industrials|587632|31.25
CAMT|980|59.1|Technology|305245|147.05
QLYS|165|93.2|Technology|679692.5|172.43
SYRE|1178|50.9|Healthcare|1215202|85.69
SANM|499|79.2|Technology|620422|224.77
BHE|496|79.3|Technology|328592|82.52
ANET|130|94.6|Technology|4439509|206.55
STLD|1252|47.8|Basic Materials|868507.5|233.66
SLF|728|69.7|Financial Services|398854|79.91
FPS|614|74.4|Industrials|7274764.5|38.97
WEX|1006|58.1|Technology|467845.5|178.28
OUST|112|95.4|Technology|1931555|43.72
SSL|239|90.1|Basic Materials|1640350|14.03
HP|1508|37.1|Energy|1151819|38.57
OSBC|543|77.4|Financial Services|432747.5|24.95
PRCH|502|79.1|Financial Services|1222413|16.53
ASC|815|66|Industrials|568487|17.85
FANG|1685|29.7|Energy|2091536.5|186.67
HAL|1980|17.4|Energy|9819019|32.76
OVV|1432|40.3|Energy|2737816|60.13
TFII|2249|6.2|Industrials|193898.5|121.1
BLZE|286|88.1|Technology|1610296|13.19
RDW|588|75.5|Industrials|11851963|11.62
WPC|1873|21.9|Real Estate|1297064|66.09
O|2074|13.5|Real Estate|6525865.5|55.54
ABSI|53|97.8|Healthcare|3040682.5|9.74
EPD|1543|35.6|Energy|2283317|36.75
TWLO|40|98.4|Technology|1778530|275.8
GNRC|818|65.9|Industrials|966865.5|208.14
DNA|51|97.9|Healthcare|1142068|10.66
CVI|32|98.7|Energy|1148013.5|51.52
MSTR|257|89.3|Technology|21384061|158.61
XMTR|203|91.6|Industrials|550815.5|100.57
FTNT|133|94.5|Technology|3826485.5|173.46
AMN|285|88.1|Healthcare|529176|34.56
NET|35|98.6|Technology|3087515.5|349.02
PURR|57|97.7|Financial Services|22805494|12.85
ABCL|19|99.2|Healthcare|4257978.5|12.7
TGTX|270|88.8|Healthcare|1438838.5|57.43
DDOG|158|93.4|Technology|3259616.5|268.13
QMCO|7|99.7|Technology|971445|31.68
DGII|149|93.8|Technology|361981|78.3
FROG|262|89.1|Technology|1844984|89.18
VMRK|1463|39|Real Estate|5943272.5|61.51
QCOM|483|79.9|Technology|11338984.5|201.97
P|28|98.9|Technology|3176923.5|126
QURE|1254|47.7|Healthcare|1134833|38.23
EMBJ|118|95.1|Industrials|1211911|78.63
CSCO|1401|41.6|Technology|14432664.5|106.7
MBX|1568|34.6|Healthcare|384243|53.63
GKOS|1209|49.6|Healthcare|674435|154.43
PANW|102|95.8|Technology|6153318|374.74
CRWD|41|98.3|Technology|12363474.5|252.13
RIG|1735|27.6|Energy|40908780|5.38
IMVT|2105|12.2|Healthcare|1247770|33.3
PRLB|77|96.8|Industrials|173461|96.25
QRVO|138|94.3|Technology|1122269|117.97
IONQ|528|78|Technology|16633329.5|45.48
CVSA|1153|51.9|Consumer Defensive|303833|120.75
HZO|146|93.9|Consumer Cyclical|750844.5|52.44
KURA|1727|28|Healthcare|1808469|10.76
PS|18|99.3|Financial Services|356280.5|56.16
CCJ|1919|19.9|Energy|2307822.5|88.07
BEN|920|61.6|Financial Services|3268920.5|33.02
WFC|1291|46.2|Financial Services|12975472.5|82.97
HIFS|662|72.4|Financial Services|35612.5|299.18
SWKS|140|94.2|Technology|5152598|89.34
SNOW|186|92.3|Technology|4176005|335.94
APPS|84|96.5|Technology|2583522.5|11.11
LDOS|1120|53.3|Technology|1114098.5|123.61
SMCI|99|95.9|Technology|34419808|43.26
RGTI|682|71.6|Technology|14603035.5|16.66
U|160|93.4|Technology|8981235|41.55
KNX|2089|12.9|Industrials|3201155.5|63.67
MT|1194|50.2|Basic Materials|1126987.5|70.7
WDS|1097|54.3|Energy|641864.5|22.04
SEZL|1720|28.3|Financial Services|425886.5|111.38
GH|89|96.3|Healthcare|1832722|177.25
PUBM|33|98.7|Technology|610946|18.6
NMAX|119|95.1|Communication Services|963421.5|10.87
BXC|472|80.3|Industrials|145209.5|76.35
ARXS|545|77.3|Industrials|697884.5|50.12
APA|353|85.3|Energy|4995570|42.74
COP|866|63.9|Energy|5831287|127.3
CRGY|839|65|Energy|5963928.5|13.15
CNMD|854|64.4|Healthcare|292414|45.38
ICUI|409|83|Healthcare|217883|164.95
CNXN|173|92.8|Technology|124978|89.32
OKTA|25|99|Technology|4035491.5|195.19
CORZ|1934|19.3|Technology|10310740|17.34
BBNX|48|98|Healthcare|941841|21.51
MMED|876|63.5|Healthcare|2517500.5|19.98
HBM|485|79.8|Basic Materials|2839000.5|26.63
CBSH|963|59.8|Financial Services|970193.5|56.44
ORCL|1772|26.1|Technology|26624159|137.1
QBTS|869|63.8|Technology|13961368.5|17.41
RDVT|114|95.3|Technology|199973|78.55
QUBT|607|74.7|Technology|6222343|8.96
LOGI|1184|50.6|Technology|731703|101.09
EL|986|58.9|Consumer Defensive|2789116|94.47
DBX|796|66.8|Technology|4057622|32.32
DIS|436|81.8|Communication Services|7319843.5|106.15
INTA|797|66.8|Technology|576128.5|36.1
SNDK|205|91.5|Technology|8593352|1777.8
CLSK|899|62.5|Financial Services|17055898.5|13.95
NWBI|694|71.1|Financial Services|909967|15.31
FLS|833|65.3|Industrials|1602369|73.82
DNOW|348|85.5|Industrials|1801310|15.93
APPN|403|83.2|Technology|785705.5|36.01
ZD|248|89.7|Communication Services|550394|56.51
DPC|2071|13.6|Industrials|915520.5|41.03
ZETA|411|82.9|Technology|5293203|29.45
MNDY|1053|56.1|Technology|1064125.5|83.66
DDS|261|89.1|Consumer Cyclical|146158|664.07
CRBG|252|89.5|Financial Services|3744968|34.87
BNL|2008|16.2|Real Estate|1533617|18.91
AZTA|73|97|Healthcare|745089|34.02
JBHT|2296|4.2|Industrials|901064|225.46
WFG|275|88.6|Basic Materials|186455|71.68
GDDY|792|67|Technology|1957150.5|97.14
NICE|150|93.8|Technology|425745|112.81
TX|522|78.3|Basic Materials|389435|55.36
HAYW|1989|17|Industrials|2676586|12.63
RLI|1705|28.9|Financial Services|536674|55.69
DHR|131|94.6|Healthcare|3373420|224.49
INFQ|379|84.2|Technology|7740995|14.51
MP|1652|31.1|Basic Materials|4389185.5|48.83
PENG|356|85.2|Technology|1384865.5|56.22
HUBS|1416|40.9|Technology|1325676|213.74
NSIT|199|91.7|Technology|270757|159.03
HUT|1152|52|Financial Services|4266299|96.82
ALAB|113|95.3|Technology|3244698.5|364.62
WK|651|72.9|Technology|905027.5|69.64
UL|658|72.6|Consumer Defensive|2996591.5|62.54
ESTC|306|87.3|Technology|2226508.5|88.12
DELL|68|97.2|Technology|8902088|562.89
MFG|433|82|Financial Services|2961832|11.07
BTU|1277|46.7|Energy|2150973.5|25.44
EFOR|101|95.8|Technology|585644|33.12
DV|197|91.8|Communication Services|2431075.5|13.41
COIN|273|88.6|Financial Services|8205455.5|195.11
SFNC|665|72.3|Financial Services|1168031.5|23.23
RMD|562|76.6|Healthcare|1029279.5|222
PGY|1092|54.5|Technology|2135829|17.62
S|123|94.9|Technology|8271632|22.38
J|757|68.4|Industrials|669009.5|138.37
CRSR|55|97.7|Technology|1107134.5|13.66
DLO|1257|47.6|Technology|1520633.5|14.08
CORT|106|95.6|Healthcare|850496|116.1
ODD|54|97.8|Consumer Defensive|976196|18.64
PSNL|313|87|Healthcare|2361501|16.46
ROKU|398|83.4|Communication Services|1965121|152.68
SMFG|571|76.2|Financial Services|1285210|26.61
DG|786|67.2|Consumer Defensive|2427110.5|124.84
CNXC|1320|44.9|Technology|1388018|27.08
IBM|1146|52.2|Technology|4694949|225.51
ELVN|1991|16.9|Healthcare|991652|44.75
NTRA|15|99.4|Healthcare|1083219|412.56
ILMN|22|99.1|Healthcare|2000261.5|270
BNY|1447|39.6|Financial Services|3127568.5|150.15
AVPT|463|80.7|Technology|1425257.5|13
CATY|799|66.7|Financial Services|426894|61.45
GRAL|10|99.6|Healthcare|742898|126.89
BOX|984|59|Technology|2588930|31.39
BTDR|1706|28.8|Technology|9652140.5|11.51
HOPE|574|76.1|Financial Services|761579|13.83
GTLB|389|83.8|Technology|4106392|46.845
HURN|125|94.8|Industrials|207577.5|157.98
LUNR|775|67.7|Industrials|6421924|15.61
ALOY|1459|39.1|Basic Materials|1780209.5|8.9
AVAV|805|66.4|Industrials|1469474.5|152.05
BHVN|1603|33.1|Healthcare|2874930|12.99
AVEX|1150|52|Industrials|1059372|16.07
DEO|698|70.9|Consumer Defensive|870766|87.52
TEM|16|99.4|Healthcare|6093081.5|85.01
WGS|86|96.5|Healthcare|505184.5|88.4
PHM|1168|51.3|Consumer Cyclical|1371106|119.85
NTRS|1175|51|Financial Services|855730.5|175.73
PYPL|467|80.6|Financial Services|10554466|55.04
GFI|1294|46|Basic Materials|3193513.5|40.38
RY|1013|57.8|Financial Services|779288|201.98
UBS|1526|36.4|Financial Services|1849715|49.67
TFPM|825|65.6|Basic Materials|402294|32.19
CEG|1929|19.5|Utilities|2604412.5|263.27
DLTR|1483|38.1|Consumer Defensive|2918022|114.07
ZYME|1085|54.8|Healthcare|565413|26.52
CHKP|1079|55|Technology|1063631.5|131.24
NBIS|212|91.2|Communication Services|12875495|237.33
VRDN|1034|56.9|Healthcare|1305417|20.47
CVLT|226|90.6|Technology|491171|145.54
ZBH|1181|50.8|Healthcare|1721339.5|91.04
HMY|700|70.8|Basic Materials|4002971|18.97
SEPN|196|91.9|Healthcare|307321|37.77
CLF|672|72|Basic Materials|11983545|12.18
GGAL|2227|7.1|Financial Services|745984|38.74
AYA|194|91.9|Basic Materials|1054783|28.47
NEO|37|98.5|Healthcare|1699612|19.33
SOFI|1286|46.4|Financial Services|40796198.5|16.58
ERO|69|97.2|Basic Materials|1153936.5|37.87
BAX|983|59|Healthcare|5682152.5|23.37
NNE|1353|43.6|Industrials|1672246.5|16.99
STEP|1851|22.8|Financial Services|909537.5|44.36
FTRE|190|92.1|Healthcare|1206009.5|19.89
APAM|1939|19.1|Financial Services|709418|36.16
AG|1253|47.7|Basic Materials|9297818.5|19.01
VLTO|385|84|Industrials|1503937.5|97.14
OWL|1937|19.2|Financial Services|17806211|9.32
TECK|768|68|Basic Materials|2601611.5|66.05
VSAT|951|60.4|Technology|1592302|73.02
ALK|1306|45.5|Industrials|2364663|40.94
EQH|228|90.5|Financial Services|2633887.5|53.84
ATEN|1410|41.2|Technology|962878.5|25.73
JPM|917|61.8|Financial Services|6307751|343.06
URBN|1030|57.1|Consumer Cyclical|947104|75.35
TSEM|1001|58.3|Technology|1458021.5|230.47
ASST|39|98.4|Financial Services|9659820.5|29.44
WAT|162|93.3|Healthcare|668759|433.54
STX|251|89.6|Technology|3306862|916.83
SIBN|267|88.9|Healthcare|575638|18.59
LTM|530|77.9|Industrials|678243.5|52.45
STBA|759|68.4|Financial Services|227002.5|49.82
A|65|97.3|Healthcare|2559339|172.79
ARES|1776|25.9|Financial Services|1734769.5|122.01
BHP|1160|51.6|Basic Materials|2169680.5|84.97
ASAN|142|94.1|Technology|6976833|9.02
DXCM|315|86.9|Healthcare|3001176|86.62
VOYG|1468|38.8|Industrials|1099455.5|31.35
ICFI|654|72.7|Industrials|146551|83.56
BETA|88|96.4|Industrials|2451250|23.85
BXP|1422|40.7|Real Estate|1249207.5|63.4
HLNE|1695|29.3|Financial Services|602243|86.21
TEAM|148|93.9|Technology|3211951.5|187.74
ADUS|803|66.5|Healthcare|184817|113.19
TGB|183|92.4|Basic Materials|4704521.5|8.61
DOCU|227|90.6|Technology|3194026|67.5
VEEV|100|95.9|Healthcare|1400332|280.68
IE|527|78|Basic Materials|2025031|10.56
NBTB|641|73.3|Financial Services|303349|51.57
TNDM|1883|21.5|Healthcare|1712347|15.72
IRDM|487|79.7|Communication Services|721040.5|48.75
XPRO|1296|46|Energy|768046.5|16.33
AMPL|87|96.4|Technology|1574079|13.3
BIIB|247|89.7|Healthcare|782381.5|227.6
HIMS|233|90.3|Healthcare|8309277.5|29.42
EHC|305|87.3|Healthcare|803320.5|123.47
RGEN|38|98.5|Healthcare|936453|189.68
FRVO|2372|1|Utilities|4758228|15.18
CCEP|940|60.8|Consumer Defensive|1363050.5|101.73
AGCO|1579|34.1|Industrials|1070360.5|118.02
AUPH|374|84.4|Healthcare|782685.5|16.44
ULCC|234|90.3|Industrials|2266885.5|6.19
AMRX|108|95.5|Healthcare|1720895|19.77
REPL|859|64.2|Healthcare|1794373|12.36
HALO|98|96|Healthcare|1683267.5|113.9
DSGX|375|84.4|Technology|596812.5|78.61
MQ|531|77.9|Technology|688959.5|16.96
FDMT|274|88.6|Healthcare|768727.5|14.47
MAA|1899|20.8|Real Estate|1018913|118.35
PRGO|110|95.5|Healthcare|2301388.5|15.42
MRVI|147|93.9|Healthcare|2587432.5|7.6
ASML|551|77|Technology|1243026.5|1743.94
BLFS|67|97.2|Healthcare|938573|38.49
KBR|1405|41.4|Industrials|1099568.5|34.54
WERN|2319|3.3|Industrials|803361|32.89
TJGC|1|100|Communication Services|1391014.5|26.24
APLE|491|79.5|Real Estate|2164200|16.19
SHO|742|69.1|Real Estate|1920001.5|11.19
TECH|342|85.8|Healthcare|2731674|72.61
ARQT|281|88.3|Healthcare|2021727|26.92
CVCO|719|70|Consumer Cyclical|90732|557.28
SLG|1293|46.1|Real Estate|717118|51.01
SKY|327|86.4|Consumer Cyclical|452863|87.72
EAT|822|65.7|Consumer Cyclical|1078443|207.2
MGNI|188|92.2|Communication Services|1738192|23.97
HIW|1008|58|Real Estate|1183990|30.09
JANX|1355|43.5|Healthcare|847812|16.3
FSK|1238|48.4|Financial Services|1458983|11.25
EROC|231|90.4|Industrials|2032713|12.6
NXE|1917|20|Energy|3601032|9.19
ALMR|79|96.7|Healthcare|332747.5|32.8
WWW|1032|57|Consumer Cyclical|614263.5|19.07
MD|569|76.3|Healthcare|682134.5|26.31
TPG|1446|39.7|Financial Services|2428621.5|44.39
RDNT|425|82.3|Healthcare|683038|70.79
SKWD|1078|55.1|Financial Services|339554.5|54.78
NUTX|24|99|Healthcare|144538|220.11
ATRO|1441|39.9|Industrials|517073|69.22
BCS|1646|31.3|Financial Services|3321278.5|24.81
SPNT|435|81.9|Financial Services|622056|25.38
SGRY|816|66|Healthcare|2103859.5|14.4
B|681|71.6|Basic Materials|7813357.5|42.88
SCCO|260|89.2|Basic Materials|1001207|203.92
LYV|887|63|Communication Services|1789334|170.87
IBKR|890|62.9|Financial Services|3598886|89.24
TRAX|1264|47.3|Healthcare|547491|34.42
GO|789|67.1|Consumer Defensive|2218102|11.07
GS|1954|18.5|Financial Services|1848474.5|935.45
BBVA|360|85|Financial Services|1141739|28.87
CON|216|91|Healthcare|700138|35.01
TBBB|78|96.8|Consumer Defensive|548388|53.56
AMG|331|86.2|Financial Services|255094|373.69
MS|1808|24.6|Financial Services|4050515|196.31
CAI|12|99.5|Healthcare|4647099|31.98
CLDX|2031|15.3|Healthcare|765279|31.1
MSGE|363|84.9|Communication Services|359746.5|79.09
NUAI|23|99.1|Technology|5994268|7.06
SJM|674|71.9|Consumer Defensive|1261159.5|121
SPCX|258|89.3|Industrials|69401525.5|148.68
SAN|509|78.8|Financial Services|7967390.5|14.42
UNM|670|72.1|Financial Services|1504389.5|92.09
ASM|1785|25.5|Basic Materials|3412722.5|5.94
RJF|1597|33.4|Financial Services|1203544|159.87
BDC|1021|57.4|Technology|403827|112.45
BJRI|628|73.8|Consumer Cyclical|383775|60.13
C|714|70.2|Financial Services|8524127.5|134.28
PD|52|97.9|Technology|1584448.5|14.38
ABT|1023|57.3|Healthcare|7583066.5|101.29
SDGR|8|99.7|Healthcare|1301861.5|28.85
SLM|1575|34.3|Financial Services|1692056.5|23.66
AM|1704|28.9|Energy|1945351|20.93
CNO|820|65.8|Financial Services|702072|53.98
MPLX|1201|49.9|Energy|1232556.5|56.8
HD|1905|20.5|Consumer Cyclical|3903138|293.2
BULL|1627|32.1|Technology|12881874.5|7.19
VRNS|347|85.6|Technology|1612033|46.25
EXLS|503|79|Technology|1829694|34.75
SKYW|390|83.8|Industrials|290382.5|102.29
CB|1095|54.3|Financial Services|1377053.5|333.37
LYG|1091|54.5|Financial Services|11347674|5.77
FLR|1398|41.7|Industrials|2081836|50.38
ATRC|21|99.2|Healthcare|1161871.5|58.38
IT|221|90.8|Technology|980797.5|187.9
VERA|1814|24.3|Healthcare|1832753.5|32.54
ING|373|84.5|Financial Services|1665436.5|36.55
WST|193|92|Healthcare|519602|370.44
JAN|821|65.8|Real Estate|1295531.5|30.05
ECO|70|97.1|Industrials|685874.5|77.9
BR|762|68.2|Technology|906310.5|163.77
TMDX|510|78.8|Healthcare|626179.5|85.29
WMB|1739|27.5|Energy|6667132|69.26
TDS|1243|48.2|Communication Services|1366431|35.85
LEU|2213|7.7|Energy|773223.5|147.07
TSM|265|89|Technology|9656229.5|450.61
STNG|705|70.6|Energy|835663.5|81.49
ACN|930|61.2|Technology|4477581.5|176.11
ACA|391|83.7|Industrials|600064.5|146.62
FND|1687|29.6|Consumer Cyclical|2500715|47.06
NP|1985|17.2|Financial Services|401347|27.51
BLMN|1745|27.2|Consumer Cyclical|2037164.5|7.875
THG|891|62.9|Financial Services|237221|217.44
OTF|1443|39.8|Financial Services|2020820.5|10.31
WHD|1039|56.7|Energy|664114|64.3
LUV|602|74.9|Industrials|5250251.5|42.68
ROST|668|72.2|Consumer Cyclical|2069822.5|236.12
PGEN|44|98.2|Healthcare|3187707|7.75
LIVN|1249|47.9|Healthcare|602522.5|76.63
MTH|1326|44.7|Consumer Cyclical|749942|64.98
FUBO|1431|40.3|Communication Services|1132392|9.64
CDNA|13|99.5|Healthcare|1222448.5|63.68
WKC|589|75.5|Energy|748428|35.65
SIG|129|94.7|Consumer Cyclical|869339|102.26
KBH|1839|23.3|Consumer Cyclical|1474535.5|48.01
NRIX|1244|48.1|Healthcare|1265455|23.01
SBH|177|92.7|Consumer Cyclical|1131075|17.18
DOCS|206|91.4|Healthcare|2411040|26.35
UFPT|169|93|Healthcare|107019|295.65
PTGX|421|82.5|Healthcare|548437|141.86
INIO|2063|13.9|Industrials|4746641.5|19.12
STRA|1197|50.1|Consumer Defensive|234625.5|76.83
XNCR|689|71.3|Healthcare|1233785.5|23.8
DAL|384|84|Industrials|5842458.5|84.94
IOVA|11|99.6|Healthcare|12206553.5|11
NOMD|1650|31.2|Consumer Defensive|1197277.5|10.63
OPCH|734|69.4|Healthcare|1543982.5|23.07
W|268|88.9|Consumer Cyclical|2297703.5|98.15
MEDP|232|90.4|Healthcare|198749.5|618.88
RVTY|45|98.2|Healthcare|1928401.5|151.11
ADPT|29|98.8|Healthcare|1654107|29.43
BLDR|2221|7.3|Industrials|2607928|59.17
ISRG|415|82.7|Healthcare|2053224|405.18
VSXY|244|89.9|Consumer Cyclical|1642191|82.91
TMO|93|96.2|Healthcare|1879356|675
APO|1606|33|Financial Services|2396485|121.69
QNT|692|71.2|Technology|1488537|49.53
CACI|264|89|Technology|246540.5|618.32
SLDE|639|73.4|Financial Services|1178560.5|23.1
ZS|191|92.1|Technology|2952839|193.05
PSIX|81|96.7|Industrials|313420.5|46.65
OGC|1147|52.2|Basic Materials|439944|28.13
AMPH|58|97.6|Healthcare|443977.5|26.13
INSP|43|98.2|Healthcare|615562.5|70.5
DRI|1379|42.5|Consumer Cyclical|1183984|199.75
TRIN|744|69|Financial Services|904764.5|17.66
RTX|1408|41.3|Industrials|3532675.5|189.4
PAYX|1920|19.9|Technology|2588879|101.37
MET|416|82.7|Financial Services|2809360.5|97.7
ACGL|1318|45|Financial Services|3889873|94.66
CBC|612|74.5|Financial Services|1134331.5|32.06
NMIH|1271|47|Financial Services|488518|41.23
XP|189|92.2|Financial Services|6467737|20.51
DCO|448|81.3|Industrials|218593|172.15
PGR|1300|45.8|Financial Services|1913981.5|205.5
DTM|1972|17.7|Energy|906633.5|122.28
LAUR|419|82.6|Consumer Defensive|851694.5|37.4
ZBIO|1653|31.1|Healthcare|527786.5|26.95
CRWV|901|62.4|Technology|20766684.5|87.59
HESM|1414|41|Energy|1363729|38.25
PBA|1930|19.5|Energy|807117.5|44.66
ZBRA|126|94.8|Technology|535988.5|370.04
ORIC|200|91.7|Healthcare|1156925.5|13.16
WTW|1372|42.8|Financial Services|441684.5|293.99
ALL|1860|22.4|Financial Services|1491133|227.6
KMI|1303|45.7|Energy|11592672|30.75
BDX|279|88.4|Healthcare|1495868|183.82
NOW|354|85.3|Technology|13618556.5|135.62
HMC|238|90.1|Consumer Cyclical|768672|32.93
CRK|1867|22.1|Energy|2476379.5|13.12
PNW|1844|23.1|Utilities|862363|91.74
MDT|802|66.6|Healthcare|8895518|88.64
WRB|1399|41.7|Financial Services|2385298.5|66.82
AMR|1467|38.8|Basic Materials|331869.5|174.43
PAAS|1311|45.3|Basic Materials|3145572.5|48.04
KSPI|1207|49.7|Technology|559181|95.67
HCC|1283|46.5|Basic Materials|515333|89.51
ALKT|2322|3.1|Technology|1252254.5|13.8
CDE|923|61.5|Basic Materials|36070525|19.22
ETN|249|89.6|Industrials|1814939|439.98
RBLX|685|71.5|Communication Services|9378622|46.44
ATEC|137|94.3|Healthcare|1731137.5|10.12
SA|831|65.4|Basic Materials|467992.5|30.3
PAY|1180|50.8|Technology|1056593.5|30.17
HL|1115|53.5|Basic Materials|30946211|18.19
MUX|1140|52.5|Basic Materials|883697|19.02
EXC|2005|16.4|Utilities|6865631.5|40.34
NG|1455|39.3|Basic Materials|5412602.5|7.13
FIGR|1438|40|Financial Services|3998565|31.9
SO|1896|20.9|Utilities|5415553|82.88
LNT|1956|18.4|Utilities|2108940.5|63.6
SHOP|272|88.7|Technology|7241539.5|142.25
AI|218|90.9|Technology|4746405.5|10.65
CTSH|848|64.6|Technology|5503175|57.33
KEY|1690|29.5|Financial Services|12831119.5|20.61
BG|1903|20.6|Consumer Defensive|1682093.5|109
DB|1161|51.6|Financial Services|1783949.5|36.57
GEN|2284|4.7|Technology|6114386.5|21.62
DTE|2214|7.6|Utilities|1516175|121.44
DUK|1798|25|Utilities|3442385|113.35
OGE|1607|33|Utilities|1528610.5|44.81
OR|737|69.3|Basic Materials|692247.5|35.78
SPT|915|61.9|Technology|1218050.5|9.54
IAG|393|83.6|Basic Materials|4232932.5|19.7
EXK|1366|43|Basic Materials|7786360.5|9.39
GMAB|135|94.4|Healthcare|1972864.5|35.32
RGLD|438|81.8|Basic Materials|569270|252.49
DUOL|609|74.6|Technology|1130306.5|143.51
INCY|423|82.4|Healthcare|1358568.5|123.89
TNET|594|75.3|Industrials|310546.5|65.11
WEC|1684|29.8|Utilities|2347423|101.45
AEP|1723|28.1|Utilities|3466936|118.35
ED|1436|40.1|Utilities|1757639|103.1
FE|1858|22.5|Utilities|4046201|43.3
XEL|2017|15.9|Utilities|5447746|69.8
EVRG|1587|33.8|Utilities|2102018|78.04
CVX|600|75|Energy|8137211|204.45
DOW|1711|28.6|Basic Materials|8348402.5|28.02
E|538|77.6|Energy|320964.5|54.71
EQNR|453|81.1|Energy|3325900.5|42.19
EOG|1131|52.8|Energy|2986851|140.35
LNG|1139|52.5|Energy|1987884|268.54
LYB|1859|22.5|Basic Materials|3200102.5|58.14
MPC|155|93.6|Energy|2438249.5|393.52
MTDR|1762|26.5|Energy|1691219|51.55
OXY|1272|47|Energy|8436778|56.86
TALO|631|73.7|Energy|1751184|16.47
SM|1221|49.1|Energy|4006805.5|33.91
TEN|253|89.5|Energy|417846.5|46.23
VET|1542|35.7|Energy|1160537.5|11.6
VAL|1619|32.5|Energy|1234439|80.99
VLO|105|95.7|Energy|3154268.5|387.18
VIST|1741|27.4|Energy|1103060|67.43
XOM|567|76.4|Energy|13103763.5|160.59
FORM|259|89.2|Technology|1097151|129.69
RIOT|638|73.4|Financial Services|15279321|23
PPTA|1041|56.6|Basic Materials|893401.5|23.49
ARX|283|88.2|Financial Services|1447350.5|19.75
HWC|841|64.9|Financial Services|765535|73.85
ABM|242|89.9|Industrials|414934.5|49.78
HBAN|1728|27.9|Financial Services|23742459.5|15.64
PBF|213|91.2|Energy|2986097.5|73.69
BXSL|501|79.1|Financial Services|1214092.5|24.66
EXEL|439|81.7|Healthcare|1884581.5|58.16
AEE|1886|21.3|Utilities|1477840.5|99.39
CNP|2023|15.6|Utilities|6608906|36.84
CMS|2087|12.9|Utilities|2856931|62.95
ETR|2025|15.5|Utilities|2750262|98.57
ETON|192|92|Healthcare|425548|57.68
CRM|703|70.7|Technology|12375967|234.02
UEC|2122|11.5|Energy|8353104.5|9.41
KKR|1552|35.3|Financial Services|3576842|96.67
CTRE|1668|30.4|Real Estate|1744361|37.41
SBRA|1550|35.4|Real Estate|2076743.5|19.85
FRHC|209|91.3|Financial Services|71727.5|172.08
WIX|296|87.7|Technology|1113160.5|73.79
UUUU|2124|11.4|Energy|6639929.5|11.35
HELP|71|97.1|Healthcare|1514047.5|12.61
LTC|370|84.6|Real Estate|526895|42.94
INVH|1765|26.4|Real Estate|5024325.5|26.62
ACVA|20|0|Consumer Cyclical|4167373|10.46
EPRT|2194|8.5|Real Estate|1461895|26.53
BMNR|49|98|Financial Services|41420294.5|27.56
BMO|817|65.9|Financial Services|503443|172.3
ELS|1622|32.3|Real Estate|1499854.5|59.23
MKC|1503|37.3|Consumer Defensive|2718076.5|47.94
ARCC|916|61.8|Financial Services|4308412|19.2
OBDC|1176|51|Financial Services|2742364.5|10.81
NTSK|27|98.9|Technology|6448682|17.67
FFIV|198|91.8|Technology|498065.5|443.06
SAIL|83|96.6|Technology|4977666|20.64
MDB|82|96.6|Technology|1580047|410.44
ADM|1126|53|Consumer Defensive|3199805|81.12
SONO|124|94.9|Technology|1694303.5|18.175
GRMN|154|93.6|Technology|666258|294.14
HNGE|107|95.6|Healthcare|1727560|95.57
HSBC|1048|56.3|Financial Services|1297523|100.95
OFG|659|72.5|Financial Services|233667.5|51.94
SAFT|366|84.8|Financial Services|117994.5|103.51
SAIC|182|92.4|Technology|411302|132.61
JOYY|167|93.1|Communication Services|325152.5|79.77
BNS|367|84.7|Financial Services|1402119|93.48
CM|1117|53.4|Financial Services|883933.5|113.6
UTZ|325|86.5|Consumer Defensive|1208036|14.24
ESS|1199|50|Real Estate|547222.5|271.61
NJR|1846|23|Utilities|593632.5|50.61
EMR|287|88.1|Industrials|2047721.5|158.23
EW|909|62.1|Healthcare|3426034|86.29
MAS|1521|36.6|Industrials|2046578|68.85
NVDA|615|74.4|Technology|107798005|225.07
BP|707|70.5|Energy|10269355|44.15
EQT|1761|26.5|Energy|6340207|50.81
SKHY|95|96.1|Technology|14647403.5|191.56
AMBA|642|73.2|Technology|1442089|72.68
ET|1251|47.8|Energy|7369748|20.19
MRK|332|86.2|Healthcare|8340862|148.78
SU|565|76.5|Energy|3537919.5|68.19
WES|1539|35.8|Energy|758569.5|45.6
EXE|1944|18.9|Energy|2503570|86.84
ECHO|417|82.6|Communication Services|2623675|90.11
BLSH|219|90.9|Technology|1340520|37.58
CRVL|139|94.2|Financial Services|183572|74.33
PCOR|1292|46.1|Technology|2392282|49.3
RRC|1563|34.8|Energy|2294921|38.61
WBD|179|92.6|Communication Services|18473481.5|30.86
UGI|1031|57|Utilities|1694788.5|36.51
NU|1562|34.8|Financial Services|67885060|13.59
IOND|91|96.2|Financial Services|529462|81.98
NOV|1588|33.8|Energy|2796315.5|19.86
TAK|294|87.8|Healthcare|2099973|18.86
BBT|1824|23.9|Financial Services|794699|28.19
ZIM|256|89.4|Industrials|1009810.5|29.19
NVAX|172|92.9|Healthcare|5166237.5|10.63
CVBF|563|76.5|Financial Services|1089355|22.53
CERT|60|97.5|Healthcare|2096020|9.11
DCI|1124|53.1|Industrials|583045|87.41
PSKY|1190|50.4|Communication Services|12472930.5|9.96
RNR|657|72.6|Financial Services|276817|325.6
EG|957|60.1|Financial Services|341084|370.43
TFX|1964|18.1|Healthcare|741681.5|122.07
GILD|336|86|Healthcare|5072084.5|150.93
SHEL|316|86.9|Energy|6067759.5|95.78
SPOT|1104|54|Communication Services|1417261|510.01
CSWC|1225|48.9|Financial Services|623449.5|23.13
LOW|1866|22.2|Consumer Cyclical|3081076|189.28
LEN|1107|53.8|Consumer Cyclical|3816572|82.15
TOL|1185|50.6|Consumer Cyclical|897450|137.34
DOLE|1797|25|Consumer Defensive|871716.5|12.98
PAGS|1407|41.3|Technology|2533405|9.05
PAM|1767|26.3|Industrials|160352.5|77.82
CNH|779|67.5|Industrials|16916358|13.09
BAH|889|62.9|Industrials|1553685.5|72.95
NAT|117|95.2|Energy|4911015|7.72
SOLV|414|82.8|Healthcare|793842|89.5
PAYC|344|85.7|Technology|651972|220.46
CCS|904|62.3|Real Estate|227347.5|62.66
SAP|318|86.8|Technology|1957047|210.68
KR|918|61.7|Consumer Defensive|7238511|58.74
KD|1822|24|Technology|3151014.5|11.6
CRSP|511|78.7|Healthcare|1315688.5|54.23
UHS|225|90.7|Healthcare|772802.5|178.86
RBCAA|561|76.6|Financial Services|111284|94.55
HCA|235|90.2|Healthcare|1306624|435.61
HNI|447|81.4|Consumer Cyclical|531695|47.21
HPQ|418|82.6|Technology|15285433|31.3
ORKA|1267|47.2|Healthcare|749196|84.46
SHW|591|75.4|Basic Materials|1574577|329.1
BNTX|774|67.7|Healthcare|908294.5|98.52
BX|1888|21.2|Financial Services|3285036.5|118.42
LNC|1068|55.5|Financial Services|1695926|41.69
DRH|429|82.1|Real Estate|2462719.5|12.49
ATO|1857|22.5|Utilities|964242.5|157.21
OGS|2057|14.2|Utilities|542707.5|71.8
PM|620|74.2|Consumer Defensive|3927399.5|190.48
SLB|1775|26|Energy|10870191.5|51.54
BIO|271|88.7|Healthcare|259259|381
COKE|473|80.3|Consumer Defensive|481890|190.29
OII|1556|35.1|Energy|895137.5|46.26
CHYM|924|61.5|Technology|6774593|26.78
PRGS|997|58.4|Technology|417959|39.34
ENR|280|88.4|Industrials|869354|22
HOMB|946|60.6|Financial Services|1458189.5|29.19
VOYA|994|58.6|Financial Services|937994|97.27
TRV|749|68.8|Financial Services|1339346|363.04
PSX|201|91.7|Energy|2823107.5|255.75
MLKN|1504|37.3|Consumer Cyclical|640175|20.06
PRU|637|73.5|Financial Services|1403695.5|119.45
PK|295|87.7|Real Estate|3033266|15.43
NTNX|207|91.4|Technology|2376230.5|68.03
SSNC|766|68.1|Technology|1472798.5|78.61
VVX|898|62.6|Industrials|560890|75.65
RHP|931|61.2|Real Estate|524240|121.46
LH|721|69.9|Healthcare|704439.5|309.64
MKL|1719|28.3|Financial Services|59932|1727.73
RYAN|1490|37.9|Financial Services|1903687.5|37.89
ICLR|217|91|Healthcare|921374.5|172.33
CBZ|187|92.2|Industrials|826209.5|54.68
PEB|431|82.1|Real Estate|1886100.5|18.42
GSHD|2072|13.6|Financial Services|329372|45.23
PPC|1601|33.2|Consumer Defensive|1288039.5|27.82
GLOB|1673|30.2|Technology|910038|34.5
FTS|1491|37.8|Utilities|653828.5|53.09
PEG|2131|11.1|Utilities|2857896|67.02
RNW|359|0|Utilities|1706778.5|6.84
PEGA|1183|50.7|Technology|2146931|33.745
IMAX|80|96.7|Communication Services|925191.5|56.05
CRL|127|94.7|Healthcare|869529|292.84
MFC|541|77.5|Financial Services|1426665|43.86
SF|2043|14.8|Financial Services|1016490.5|70.35
MDLZ|922|61.6|Consumer Defensive|7221430|60.25
EPC|533|77.8|Consumer Defensive|538103.5|27.82
BLLN|245|89.8|Healthcare|516551.5|123.08
WDAY|292|87.9|Technology|2803601|189.45
ACIW|1368|42.9|Technology|684409.5|49.51
BBY|284|88.2|Consumer Cyclical|3805245.5|90.51
XYZ|1111|53.7|Technology|3662769.5|76.42
ANF|578|75.9|Consumer Cyclical|1462322.5|135.71
HPE|36|98.5|Technology|22696293.5|62.94
CBRL|813|66.1|Consumer Cyclical|937253|51.81
CAKE|288|88|Consumer Cyclical|1343263.5|104.49
FDS|973|59.4|Financial Services|787018|273.08
KSS|938|60.9|Consumer Cyclical|4174052|17.9
DE|307|87.2|Industrials|1154945.5|690.46
NTAP|103|95.7|Technology|2194316|201.145
BWIN|132|0|Financial Services|1314653.5|31.85
PCTY|566|76.4|Technology|595049.5|143.35
WSM|349|85.5|Consumer Cyclical|1084192.5|231.9
KO|456|81|Consumer Defensive|13928206.5|87.81
FRSH|263|89.1|Technology|3981700|12.54
HTGC|616|74.3|Financial Services|1214121.5|16.97
KDP|498|79.3|Consumer Defensive|9299482|31.95
WEAV|229|90.5|Healthcare|1947907.5|7.35
GPN|804|66.5|Industrials|2018301|86.49
BILL|1062|55.7|Technology|1585078|44.25
BRKR|166|93.1|Healthcare|2157567|64.18
JXN|568|76.3|Financial Services|623079|133.12
QTWO|1037|56.8|Technology|508451.5|56.13
SN|145|94|Consumer Cyclical|1844346|177.74
JEF|2143|10.6|Financial Services|1740849.5|47.68
KHC|1417|40.9|Consumer Defensive|18104335.5|23.63
FBP|1070|55.4|Financial Services|1248165|27.06
MUFG|519|78.4|Financial Services|2755352.5|23.48
RNG|74|97|Technology|1489198.5|76.16
CAG|1316|45.1|Consumer Defensive|10174698.5|14.32
DINO|168|93|Energy|2496586|106.82
UAL|505|79|Industrials|3764750|113.99
JLL|1394|41.9|Real Estate|313225|321.91
PFG|507|78.9|Financial Services|1239191.5|114.77
FHN|1567|34.6|Financial Services|4354365.5|23.46
BRO|1850|22.8|Financial Services|1838606|60.82
CFG|1532|36.1|Financial Services|3372548.5|65.53
CBRS|1098|54.2|Technology|5315372|206.75
RLJ|627|73.9|Real Estate|1503843.5|11.2
NTR|1236|48.5|Basic Materials|2446661.5|72.23
TGT|459|80.9|Consumer Defensive|3207046|157.45
DK|552|77|Energy|1840328|67.84
CNX|1904|20.6|Energy|1759498.5|32.79
GAP|844|64.8|Consumer Cyclical|6974194|21.82
RSKD|26|99|Technology|1503782.5|7.78
UMC|76|96.9|Technology|9883479|24.31
AMH|1594|33.5|Real Estate|2301276.5|30.64
FSM|422|82.4|Basic Materials|4098283|11.69
ACMR|753|68.6|Technology|861971.5|77.3
CDP|1237|48.4|Real Estate|812871.5|33.88
PLMR|1595|33.5|Financial Services|196159.5|123.99
DAVE|1721|28.2|Technology|332533.5|324.88
AJG|1577|34.2|Financial Services|1454477.5|231.1
CBRE|1507|37.1|Real Estate|1848239.5|134.55
OHI|1163|51.5|Real Estate|1885622|46.28
ESNT|1381|42.4|Financial Services|593748.5|63.73
AFG|1065|55.6|Financial Services|321370|138.22
MTG|1324|44.8|Financial Services|1670115|28.48
CIFR|1678|30|Technology|33182568|17.73
UDR|1933|19.4|Real Estate|3717863|33.84
SBSW|1557|35.1|Basic Materials|5120995|10.61
RPD|104|95.7|Technology|1796779.5|11.62
TPC|927|61.4|Industrials|379319.5|83.97
EGO|299|87.6|Basic Materials|2772471.5|41.92
TENB|428|82.2|Technology|3951057|33.49
CTVA|1902|20.7|Basic Materials|4313204|78.52
FEIM|75|96.9|Technology|272209|88.43
NEOG|34|98.6|Healthcare|2374358|13.76
TD|605|74.8|Financial Services|1273116.5|120.65
CPT|1891|21.1|Real Estate|925568|98.12
HCI|1110|53.7|Financial Services|130347.5|174.94
NWG|529|78|Financial Services|2545474|18.49
FITB|1319|45|Financial Services|4846661|52.1
ARCB|2007|16.3|Industrials|207173.5|125.16
DXC|1007|58|Technology|2135060|10.65
MORN|827|65.5|Financial Services|288050|195.98
FCF|629|73.8|Financial Services|868346|20.91
XERS|157|93.5|Healthcare|1521354.5|9.1
RBRK|30|98.8|Technology|3211801|109.55
SHOO|383|84.1|Consumer Cyclical|1082355|45.06
CPAY|635|73.5|Technology|434875.5|398.11
ADP|686|71.4|Technology|1816832|263.67
HOOD|254|89.4|Financial Services|18592561|119.4
ESQ|408|83|Financial Services|173445.5|122.28
VREX|141|94.2|Healthcare|662414.5|18.45
MOS|1425|40.6|Basic Materials|7865721|23.01
OLLI|255|89.4|Consumer Defensive|1870162.5|84.25
BWMN|163|0|Industrials|276209.5|42.57
GLBE|180|92.5|Consumer Cyclical|1338903.5|40.17
LIND|171|92.9|Consumer Cyclical|793679.5|28.45
PARR|712|70.3|Energy|953789.5|77.46
HAE|115|95.2|Healthcare|597436.5|105.3
ITGR|202|91.6|Healthcare|647791.5|126.34
VIA|59|97.6|Technology|651218|29.41
DNTH|2041|14.9|Healthcare|629882|88.55
BUSE|611|74.5|Financial Services|640633|30.09
LOPE|987|58.8|Consumer Defensive|319664|147.28
IDCC|246|89.8|Technology|204713.5|334.21
FIVN|56|97.7|Technology|1750047.5|35.77
SPSC|237|90.2|Technology|402907|81.3
PI|164|93.2|Technology|358092.5|178.28
BFH|1026|57.2|Financial Services|470239.5|102.91
APH|243|89.9|Technology|11139673|84.09
OMF|1549|35.4|Financial Services|830680.5|57.36
NEU|241|90|Basic Materials|118047.5|898.04
MSFT|153|93.7|Technology|19242012.5|516.17
LW|1957|18.4|Consumer Defensive|1417359.5|43.58
MKTX|211|91.2|Financial Services|849360|164.19
GRND|266|88.9|Technology|1206136|15.77
RIO|1523|36.5|Basic Materials|1700673|94.56
DT|61|97.5|Technology|6800652|57.95
CNK|122|94.9|Communication Services|1927381.5|37.77
MMSI|322|86.6|Healthcare|531875|87.5
MHO|1367|43|Consumer Cyclical|180507.5|138.75
NVR|732|69.5|Consumer Cyclical|37249|6297.6
DHI|955|60.2|Consumer Cyclical|2249712.5|141.51
AMP|1635|31.8|Financial Services|542680.5|493
FUTU|787|67.2|Financial Services|734689.5|111.87
LPLA|1570|34.5|Financial Services|617571|314.36
IVZ|895|62.7|Financial Services|3669600|30.92
IQV|144|94|Healthcare|1317130|270.37
MANH|312|87|Technology|574129.5|206.03
STT|1025|57.3|Financial Services|1518256|181.34
ATKR|290|87.9|Industrials|642924.5|94.57
VCTR|488|79.7|Financial Services|644029.5|108.75
ETD|1206|49.7|Consumer Cyclical|583216|21.29
XE|2016|15.9|Industrials|6423009.5|15.08
TRLV|215|91.1|Healthcare|1613581.5|12.21
XHLD|4|99.9|Communication Services|3646624|12.95
SBET|42|98.3|Financial Services|7684164.5|9.63
ITUB|784|67.3|Financial Services|19902747.5|8.11
DFDV|94|96.1|Financial Services|2096686.5|6.04
FWDI|14|99.5|Consumer Cyclical|2041054.5|8.42
SEI|300|87.5|Energy|2506960.5|70.97
ES|2085|13|Utilities|2032671.5|63.67
MIR|1854|22.7|Industrials|3331756.5|15.59
META|90|96.3|Communication Services|18656911|751.66
TS|1202|49.9|Energy|1020164|55.47
PAA|1112|53.6|Energy|2592890.5|24.42
GRBK|1047|56.3|Consumer Cyclical|372076|68.79
TTE|536|77.7|Energy|1455523|90.94
ASO|513|78.6|Consumer Cyclical|1769689.5|49.14
TNK|220|90.9|Energy|511317.5|94.07
DJCO|156|93.5|Technology|65859.5|656.86
DHT|170|92.9|Energy|3816542.5|21.78
IOSP|176|92.7|Basic Materials|173630|98.72
EPAM|907|62.2|Technology|1051023|108.23
TRMD|493|79.5|Energy|1448189.5|34.32
SUNC|881|63.3|Energy|374689|76.32
TXNM|747|68.9|Utilities|1210468|58.52
DX|2088|12.9|Real Estate|5267423|11.34
GME|250|89.6|Consumer Cyclical|9298260.5|23.39
STNE|2036|15.1|Technology|4271655|9.3
SWX|1777|25.9|Utilities|589709|82.44
INTR|1923|19.8|Financial Services|3579061|5.11
NLY|1818|24.2|Real Estate|8904462|20.61
VLY|1654|31|Financial Services|6600436|13.08
AES|683|71.5|Utilities|7338136|14.87
INSW|236|90.2|Energy|699363.5|105.64
SECZ|3|99.9|Technology|1614463|15.96
LNN|1216|49.3|Industrials|149228|114.25
PAGP|1029|57.1|Energy|1544139.5|26.58
NI|1890|21.2|Utilities|5002618.5|39.42
FIBK|928|61.3|Financial Services|1037680|36.91
DGX|388|83.8|Healthcare|961648|236.32
LLYVK|701|70.8|Communication Services|255246|99.36
PG|782|67.4|Consumer Defensive|7316915.5|146.23
SAIA|2251|6.1|Industrials|370806.5|324.22
USPH|143|94.1|Healthcare|163738.5|84.84
GEMI|178|92.6|Financial Services|2076766.5|5.54
CHCO|599|75|Financial Services|105939|141.97
RGA|480|80|Financial Services|279842|248.65
DCOM|633|73.6|Financial Services|255909.5|40.37
ACT|872|63.6|Financial Services|311082.5|46.97
FSUN|465|80.6|Financial Services|300515.5|39.74
PFBC|269|88.8|Financial Services|128175.5|109.48
NBN|736|69.3|Financial Services|116835.5|130.24
AMAL|834|65.2|Financial Services|225317|47.58
TRMK|800|66.7|Financial Services|358727.5|46.04
GPOR|1955|18.4|Energy|260093|154.62
MTD|116|95.2|Healthcare|181397.5|1511.64
SPB|1005|58.1|Consumer Defensive|286506.5|84.91
QCRH|604|74.8|Financial Services|100230.5|100.92
SHOE|1834|23.5|Consumer Cyclical|1151461.5|13
KOF|613|74.5|Consumer Defensive|118314|110.23
WABC|464|80.7|Financial Services|179857.5|60.67
BATRK|278|88.4|Communication Services|403679|54.26
ENSG|564|76.5|Healthcare|329512.5|175.18
TEVA|159|93.4|Healthcare|4768178|39.19
VEON|64|97.4|Communication Services|151150.5|73.52
